# Temperatura_=_-8.05
# Concentracion g/m^3_=_11700.0
# C_Vs_to_Am_M_A/Vsm_=_254322799225.57578
# pendiente_HvsI_1/m_=_3716.3
# ordenada_HvsI_A/m_=_1297.0
# frecuencia_Hz_=_136206.02379538288
# Promedio de 6 ciclos

Tiempo_(s)	Campo_(V.s)	Magnetizacion_(V.s)	Campo_(kA/m)	Magnetizacion_(A/m)
0.000000e+00	-7.073984e-09	-2.094536e-09	-3.838051e+01	-5.322054e+02
1.000000e-08	-7.074091e-09	-2.095049e-09	-3.838110e+01	-5.322778e+02
2.000000e-08	-7.073860e-09	-2.095646e-09	-3.837984e+01	-5.323368e+02
3.000000e-08	-7.073083e-09	-2.096698e-09	-3.837563e+01	-5.323809e+02
4.000000e-08	-7.071579e-09	-2.097222e-09	-3.836748e+01	-5.324085e+02
5.000000e-08	-7.069269e-09	-2.096990e-09	-3.835494e+01	-5.324181e+02
6.000000e-08	-7.066258e-09	-2.096715e-09	-3.833861e+01	-5.324085e+02
7.000000e-08	-7.062771e-09	-2.094183e-09	-3.831968e+01	-5.323788e+02
8.000000e-08	-7.058875e-09	-2.089978e-09	-3.829855e+01	-5.323291e+02
9.000000e-08	-7.054431e-09	-2.102895e-09	-3.827443e+01	-5.322599e+02
1.000000e-07	-7.049242e-09	-2.124675e-09	-3.824628e+01	-5.321727e+02
1.100000e-07	-7.043393e-09	-2.099257e-09	-3.821455e+01	-5.320697e+02
1.200000e-07	-7.037212e-09	-2.050522e-09	-3.818101e+01	-5.319538e+02
1.300000e-07	-7.030888e-09	-2.087628e-09	-3.814670e+01	-5.318281e+02
1.400000e-07	-7.024158e-09	-2.151331e-09	-3.811019e+01	-5.316963e+02
1.500000e-07	-7.016805e-09	-2.106199e-09	-3.807030e+01	-5.315619e+02
1.600000e-07	-7.009043e-09	-2.034522e-09	-3.802818e+01	-5.314282e+02
1.700000e-07	-7.000930e-09	-2.086004e-09	-3.798416e+01	-5.312981e+02
1.800000e-07	-6.992211e-09	-2.158600e-09	-3.793686e+01	-5.311736e+02
1.900000e-07	-6.982713e-09	-2.096216e-09	-3.788533e+01	-5.310563e+02
2.000000e-07	-6.972641e-09	-2.025005e-09	-3.783069e+01	-5.309466e+02
2.100000e-07	-6.962212e-09	-2.093393e-09	-3.777411e+01	-5.308442e+02
2.200000e-07	-6.951274e-09	-2.151796e-09	-3.771476e+01	-5.307481e+02
2.300000e-07	-6.939572e-09	-2.070316e-09	-3.765127e+01	-5.306566e+02
2.400000e-07	-6.927233e-09	-2.030281e-09	-3.758433e+01	-5.305675e+02
2.500000e-07	-6.914434e-09	-2.118833e-09	-3.751489e+01	-5.304784e+02
2.600000e-07	-6.901083e-09	-2.132289e-09	-3.744245e+01	-5.303866e+02
2.700000e-07	-6.887058e-09	-2.046915e-09	-3.736636e+01	-5.302897e+02
2.800000e-07	-6.872395e-09	-2.070852e-09	-3.728681e+01	-5.301856e+02
2.900000e-07	-6.857023e-09	-2.138271e-09	-3.720341e+01	-5.300722e+02
3.000000e-07	-6.840870e-09	-2.077409e-09	-3.711577e+01	-5.299481e+02
3.100000e-07	-6.824192e-09	-2.040745e-09	-3.702528e+01	-5.298120e+02
3.200000e-07	-6.807166e-09	-2.123927e-09	-3.693290e+01	-5.296629e+02
3.300000e-07	-6.789729e-09	-2.118583e-09	-3.683830e+01	-5.294999e+02
3.400000e-07	-6.771894e-09	-2.032439e-09	-3.674154e+01	-5.293221e+02
3.500000e-07	-6.753669e-09	-2.073421e-09	-3.664265e+01	-5.291284e+02
3.600000e-07	-6.734945e-09	-2.141209e-09	-3.654106e+01	-5.289174e+02
3.700000e-07	-6.715677e-09	-2.068052e-09	-3.643652e+01	-5.286870e+02
3.800000e-07	-6.695966e-09	-2.029326e-09	-3.632958e+01	-5.284351e+02
3.900000e-07	-6.675925e-09	-2.114065e-09	-3.622084e+01	-5.281586e+02
4.000000e-07	-6.655489e-09	-2.111230e-09	-3.610997e+01	-5.278543e+02
4.100000e-07	-6.634571e-09	-2.034506e-09	-3.599648e+01	-5.275185e+02
4.200000e-07	-6.613181e-09	-2.072076e-09	-3.588042e+01	-5.271477e+02
4.300000e-07	-6.591328e-09	-2.107490e-09	-3.576186e+01	-5.267382e+02
4.400000e-07	-6.568969e-09	-2.041830e-09	-3.564055e+01	-5.262867e+02
4.500000e-07	-6.546166e-09	-2.045055e-09	-3.551683e+01	-5.257907e+02
4.600000e-07	-6.522961e-09	-2.100097e-09	-3.539093e+01	-5.252484e+02
4.700000e-07	-6.499386e-09	-2.060403e-09	-3.526302e+01	-5.246588e+02
4.800000e-07	-6.475468e-09	-2.028780e-09	-3.513325e+01	-5.240223e+02
4.900000e-07	-6.451176e-09	-2.076150e-09	-3.500146e+01	-5.233402e+02
5.000000e-07	-6.426341e-09	-2.068067e-09	-3.486671e+01	-5.226148e+02
5.100000e-07	-6.400758e-09	-2.025561e-09	-3.472792e+01	-5.218493e+02
5.200000e-07	-6.374453e-09	-2.047221e-09	-3.458519e+01	-5.210476e+02
5.300000e-07	-6.347513e-09	-2.057183e-09	-3.443903e+01	-5.202142e+02
5.400000e-07	-6.320055e-09	-2.025184e-09	-3.429006e+01	-5.193533e+02
5.500000e-07	-6.292264e-09	-2.033796e-09	-3.413927e+01	-5.184694e+02
5.600000e-07	-6.264178e-09	-2.048676e-09	-3.398689e+01	-5.175661e+02
5.700000e-07	-6.235722e-09	-2.025019e-09	-3.383250e+01	-5.166467e+02
5.800000e-07	-6.206802e-09	-2.019265e-09	-3.367559e+01	-5.157135e+02
5.900000e-07	-6.177439e-09	-2.029281e-09	-3.351628e+01	-5.147676e+02
6.000000e-07	-6.147693e-09	-2.015412e-09	-3.335489e+01	-5.138096e+02
6.100000e-07	-6.117541e-09	-2.009960e-09	-3.319130e+01	-5.128389e+02
6.200000e-07	-6.086996e-09	-2.016989e-09	-3.302557e+01	-5.118541e+02
6.300000e-07	-6.056010e-09	-2.005515e-09	-3.285746e+01	-5.108534e+02
6.400000e-07	-6.024615e-09	-1.997742e-09	-3.268712e+01	-5.098347e+02
6.500000e-07	-5.992929e-09	-2.003846e-09	-3.251521e+01	-5.087958e+02
6.600000e-07	-5.960944e-09	-1.997263e-09	-3.234167e+01	-5.077346e+02
6.700000e-07	-5.928548e-09	-1.986853e-09	-3.216590e+01	-5.066496e+02
6.800000e-07	-5.895557e-09	-1.986626e-09	-3.198691e+01	-5.055396e+02
6.900000e-07	-5.861865e-09	-1.981981e-09	-3.180411e+01	-5.044044e+02
7.000000e-07	-5.827514e-09	-1.975907e-09	-3.161774e+01	-5.032441e+02
7.100000e-07	-5.792601e-09	-1.975314e-09	-3.142831e+01	-5.020598e+02
7.200000e-07	-5.757248e-09	-1.969369e-09	-3.123650e+01	-5.008529e+02
7.300000e-07	-5.721596e-09	-1.959878e-09	-3.104307e+01	-4.996253e+02
7.400000e-07	-5.685680e-09	-1.957385e-09	-3.084821e+01	-4.983789e+02
7.500000e-07	-5.649461e-09	-1.955541e-09	-3.065170e+01	-4.971157e+02
7.600000e-07	-5.612903e-09	-1.949536e-09	-3.045335e+01	-4.958372e+02
7.700000e-07	-5.575921e-09	-1.942976e-09	-3.025270e+01	-4.945447e+02
7.800000e-07	-5.538473e-09	-1.938306e-09	-3.004952e+01	-4.932388e+02
7.900000e-07	-5.500635e-09	-1.934353e-09	-2.984423e+01	-4.919193e+02
8.000000e-07	-5.462424e-09	-1.929410e-09	-2.963691e+01	-4.905854e+02
8.100000e-07	-5.423799e-09	-1.922797e-09	-2.942735e+01	-4.892356e+02
8.200000e-07	-5.384756e-09	-1.917135e-09	-2.921552e+01	-4.878681e+02
8.300000e-07	-5.345328e-09	-1.911625e-09	-2.900160e+01	-4.864804e+02
8.400000e-07	-5.305642e-09	-1.906366e-09	-2.878628e+01	-4.850699e+02
8.500000e-07	-5.265746e-09	-1.902852e-09	-2.856982e+01	-4.836341e+02
8.600000e-07	-5.225536e-09	-1.897784e-09	-2.835166e+01	-4.821707e+02
8.700000e-07	-5.184910e-09	-1.889010e-09	-2.813124e+01	-4.806776e+02
8.800000e-07	-5.143805e-09	-1.882318e-09	-2.790822e+01	-4.791535e+02
8.900000e-07	-5.102201e-09	-1.878658e-09	-2.768250e+01	-4.775976e+02
9.000000e-07	-5.060121e-09	-1.872698e-09	-2.745419e+01	-4.760095e+02
9.100000e-07	-5.017496e-09	-1.864972e-09	-2.722293e+01	-4.743898e+02
9.200000e-07	-4.974345e-09	-1.858596e-09	-2.698881e+01	-4.727391e+02
9.300000e-07	-4.930814e-09	-1.852396e-09	-2.675263e+01	-4.710589e+02
9.400000e-07	-4.886995e-09	-1.845620e-09	-2.651488e+01	-4.693505e+02
9.500000e-07	-4.842949e-09	-1.839376e-09	-2.627591e+01	-4.676155e+02
9.600000e-07	-4.798613e-09	-1.832185e-09	-2.603536e+01	-4.658551e+02
9.700000e-07	-4.753906e-09	-1.823909e-09	-2.579280e+01	-4.640704e+02
9.800000e-07	-4.708881e-09	-1.816868e-09	-2.554851e+01	-4.622622e+02
9.900000e-07	-4.663563e-09	-1.811436e-09	-2.530264e+01	-4.604306e+02
1.000000e-06	-4.617931e-09	-1.804805e-09	-2.505506e+01	-4.585754e+02
1.010000e-06	-4.572010e-09	-1.796375e-09	-2.480591e+01	-4.566959e+02
1.020000e-06	-4.525790e-09	-1.788050e-09	-2.455514e+01	-4.547910e+02
1.030000e-06	-4.479226e-09	-1.781197e-09	-2.430250e+01	-4.528593e+02
1.040000e-06	-4.432323e-09	-1.774456e-09	-2.404803e+01	-4.508994e+02
1.050000e-06	-4.385106e-09	-1.766959e-09	-2.379185e+01	-4.489097e+02
1.060000e-06	-4.337611e-09	-1.758227e-09	-2.353416e+01	-4.468889e+02
1.070000e-06	-4.289843e-09	-1.748996e-09	-2.327499e+01	-4.448360e+02
1.080000e-06	-4.241814e-09	-1.741007e-09	-2.301440e+01	-4.427501e+02
1.090000e-06	-4.193520e-09	-1.734187e-09	-2.275238e+01	-4.406309e+02
1.100000e-06	-4.144865e-09	-1.726078e-09	-2.248840e+01	-4.384785e+02
1.110000e-06	-4.095793e-09	-1.716335e-09	-2.222216e+01	-4.362933e+02
1.120000e-06	-4.046298e-09	-1.706611e-09	-2.195362e+01	-4.340758e+02
1.130000e-06	-3.996373e-09	-1.698306e-09	-2.168276e+01	-4.318271e+02
1.140000e-06	-3.946010e-09	-1.690601e-09	-2.140951e+01	-4.295479e+02
1.150000e-06	-3.895230e-09	-1.681799e-09	-2.113400e+01	-4.272392e+02
1.160000e-06	-3.844081e-09	-1.672076e-09	-2.085649e+01	-4.249017e+02
1.170000e-06	-3.792598e-09	-1.662760e-09	-2.057716e+01	-4.225357e+02
1.180000e-06	-3.740802e-09	-1.653905e-09	-2.029614e+01	-4.201414e+02
1.190000e-06	-3.688724e-09	-1.644555e-09	-2.001358e+01	-4.177184e+02
1.200000e-06	-3.636385e-09	-1.634465e-09	-1.972961e+01	-4.152661e+02
1.210000e-06	-3.583755e-09	-1.624487e-09	-1.944407e+01	-4.127835e+02
1.220000e-06	-3.530826e-09	-1.615237e-09	-1.915690e+01	-4.102694e+02
1.230000e-06	-3.477643e-09	-1.605927e-09	-1.886835e+01	-4.077222e+02
1.240000e-06	-3.424269e-09	-1.596510e-09	-1.857876e+01	-4.051407e+02
1.250000e-06	-3.370719e-09	-1.586142e-09	-1.828822e+01	-4.025232e+02
1.260000e-06	-3.316934e-09	-1.574682e-09	-1.799641e+01	-3.998685e+02
1.270000e-06	-3.262907e-09	-1.563884e-09	-1.770328e+01	-3.971756e+02
1.280000e-06	-3.208670e-09	-1.553876e-09	-1.740901e+01	-3.944435e+02
1.290000e-06	-3.154209e-09	-1.543395e-09	-1.711353e+01	-3.916719e+02
1.300000e-06	-3.099524e-09	-1.532587e-09	-1.681683e+01	-3.888605e+02
1.310000e-06	-3.044629e-09	-1.521652e-09	-1.651899e+01	-3.860092e+02
1.320000e-06	-2.989509e-09	-1.510096e-09	-1.621994e+01	-3.831182e+02
1.330000e-06	-2.934172e-09	-1.498466e-09	-1.591970e+01	-3.801878e+02
1.340000e-06	-2.878671e-09	-1.487085e-09	-1.561857e+01	-3.772181e+02
1.350000e-06	-2.823026e-09	-1.475015e-09	-1.531666e+01	-3.742093e+02
1.360000e-06	-2.767238e-09	-1.462995e-09	-1.501398e+01	-3.711613e+02
1.370000e-06	-2.711320e-09	-1.451469e-09	-1.471059e+01	-3.680735e+02
1.380000e-06	-2.655274e-09	-1.439202e-09	-1.440651e+01	-3.649452e+02
1.390000e-06	-2.599097e-09	-1.426097e-09	-1.410171e+01	-3.617755e+02
1.400000e-06	-2.542766e-09	-1.413486e-09	-1.379608e+01	-3.585626e+02
1.410000e-06	-2.486275e-09	-1.401531e-09	-1.348959e+01	-3.553050e+02
1.420000e-06	-2.429547e-09	-1.389351e-09	-1.318181e+01	-3.520005e+02
1.430000e-06	-2.372560e-09	-1.376526e-09	-1.287263e+01	-3.486469e+02
1.440000e-06	-2.315375e-09	-1.362806e-09	-1.256237e+01	-3.452419e+02
1.450000e-06	-2.257936e-09	-1.348325e-09	-1.225073e+01	-3.417830e+02
1.460000e-06	-2.200230e-09	-1.334312e-09	-1.193765e+01	-3.382679e+02
1.470000e-06	-2.142234e-09	-1.320870e-09	-1.162298e+01	-3.346943e+02
1.480000e-06	-2.083955e-09	-1.306839e-09	-1.130679e+01	-3.310601e+02
1.490000e-06	-2.025448e-09	-1.292376e-09	-1.098936e+01	-3.273632e+02
1.500000e-06	-1.966701e-09	-1.278117e-09	-1.067063e+01	-3.236019e+02
1.510000e-06	-1.907753e-09	-1.263650e-09	-1.035080e+01	-3.197744e+02
1.520000e-06	-1.848667e-09	-1.248247e-09	-1.003022e+01	-3.158789e+02
1.530000e-06	-1.789447e-09	-1.231833e-09	-9.708916e+00	-3.119139e+02
1.540000e-06	-1.730097e-09	-1.215204e-09	-9.386909e+00	-3.078776e+02
1.550000e-06	-1.670655e-09	-1.199094e-09	-9.064397e+00	-3.037684e+02
1.560000e-06	-1.611129e-09	-1.183607e-09	-8.741432e+00	-2.995845e+02
1.570000e-06	-1.551513e-09	-1.168042e-09	-8.417979e+00	-2.953237e+02
1.580000e-06	-1.491805e-09	-1.151276e-09	-8.094028e+00	-2.909842e+02
1.590000e-06	-1.432031e-09	-1.133135e-09	-7.769714e+00	-2.865637e+02
1.600000e-06	-1.372184e-09	-1.114226e-09	-7.445009e+00	-2.820598e+02
1.610000e-06	-1.312256e-09	-1.095942e-09	-7.119861e+00	-2.774704e+02
1.620000e-06	-1.252261e-09	-1.078006e-09	-6.794354e+00	-2.727931e+02
1.630000e-06	-1.192183e-09	-1.058993e-09	-6.468393e+00	-2.680257e+02
1.640000e-06	-1.132023e-09	-1.039420e-09	-6.141990e+00	-2.631659e+02
1.650000e-06	-1.071835e-09	-1.020507e-09	-5.815431e+00	-2.582117e+02
1.660000e-06	-1.011617e-09	-1.001573e-09	-5.488713e+00	-2.531612e+02
1.670000e-06	-9.513452e-10	-9.815060e-10	-5.161705e+00	-2.480126e+02
1.680000e-06	-8.910316e-10	-9.602242e-10	-4.834468e+00	-2.427639e+02
1.690000e-06	-8.306663e-10	-9.382767e-10	-4.506950e+00	-2.374136e+02
1.700000e-06	-7.702436e-10	-9.163352e-10	-4.179121e+00	-2.319597e+02
1.710000e-06	-7.097733e-10	-8.946461e-10	-3.851034e+00	-2.264005e+02
1.720000e-06	-6.492422e-10	-8.728688e-10	-3.522616e+00	-2.207337e+02
1.730000e-06	-5.886727e-10	-8.500063e-10	-3.193991e+00	-2.149573e+02
1.740000e-06	-5.280879e-10	-8.258543e-10	-2.865282e+00	-2.090685e+02
1.750000e-06	-4.674645e-10	-8.015393e-10	-2.536365e+00	-2.030646e+02
1.760000e-06	-4.068040e-10	-7.775534e-10	-2.207246e+00	-1.969427e+02
1.770000e-06	-3.460769e-10	-7.532028e-10	-1.877766e+00	-1.906997e+02
1.780000e-06	-2.852778e-10	-7.277838e-10	-1.547895e+00	-1.843324e+02
1.790000e-06	-2.244901e-10	-7.015015e-10	-1.218086e+00	-1.778380e+02
1.800000e-06	-1.637123e-10	-6.751238e-10	-8.883311e-01	-1.712140e+02
1.810000e-06	-1.029251e-10	-6.488310e-10	-5.585243e-01	-1.644583e+02
1.820000e-06	-4.218293e-11	-6.224247e-10	-2.289621e-01	-1.575698e+02
1.830000e-06	1.853759e-11	-5.950200e-10	1.004822e-01	-1.505483e+02
1.840000e-06	7.928155e-11	-5.662605e-10	4.300536e-01	-1.433947e+02
1.850000e-06	1.400122e-10	-5.370817e-10	7.595533e-01	-1.361112e+02
1.860000e-06	2.007378e-10	-5.081136e-10	1.089025e+00	-1.287015e+02
1.870000e-06	2.614918e-10	-4.789515e-10	1.418651e+00	-1.211706e+02
1.880000e-06	3.222004e-10	-4.488626e-10	1.748031e+00	-1.135247e+02
1.890000e-06	3.828719e-10	-4.178723e-10	2.077210e+00	-1.057715e+02
1.900000e-06	4.435301e-10	-3.863927e-10	2.406317e+00	-9.791941e+01
1.910000e-06	5.041554e-10	-3.546586e-10	2.735245e+00	-8.997788e+01
1.920000e-06	5.647675e-10	-3.229145e-10	3.064103e+00	-8.195672e+01
1.930000e-06	6.253344e-10	-2.908846e-10	3.392714e+00	-7.386595e+01
1.940000e-06	6.858540e-10	-2.586964e-10	3.721069e+00	-6.571548e+01
1.950000e-06	7.463255e-10	-2.267688e-10	4.049162e+00	-5.751479e+01
1.960000e-06	8.067101e-10	-1.947190e-10	4.376785e+00	-4.927266e+01
1.970000e-06	8.670077e-10	-1.621947e-10	4.703936e+00	-4.099698e+01
1.980000e-06	9.272629e-10	-1.293835e-10	5.030857e+00	-3.269455e+01
1.990000e-06	9.874800e-10	-9.602608e-11	5.357571e+00	-2.437109e+01
2.000000e-06	1.047629e-09	-6.248441e-11	5.683915e+00	-1.603118e+01
2.010000e-06	1.107709e-09	-3.001155e-11	6.009889e+00	-7.678340e+00
2.020000e-06	1.167738e-09	2.109661e-12	6.335582e+00	6.847654e-01
2.030000e-06	1.227718e-09	3.554343e-11	6.661009e+00	9.056165e+00
2.040000e-06	1.287634e-09	6.966550e-11	6.986089e+00	1.743431e+01
2.050000e-06	1.347496e-09	1.030575e-10	7.310881e+00	2.581783e+01
2.060000e-06	1.407324e-09	1.357057e-10	7.635484e+00	3.420521e+01
2.070000e-06	1.467091e-09	1.680861e-10	7.959755e+00	4.259459e+01
2.080000e-06	1.526778e-09	2.009539e-10	8.283598e+00	5.098353e+01
2.090000e-06	1.586370e-09	2.345947e-10	8.606916e+00	5.936887e+01
2.100000e-06	1.645843e-09	2.681451e-10	8.929594e+00	6.774660e+01
2.110000e-06	1.705213e-09	3.008983e-10	9.251714e+00	7.611184e+01
2.120000e-06	1.764509e-09	3.339398e-10	9.573431e+00	8.445892e+01
2.130000e-06	1.823741e-09	3.678465e-10	9.894801e+00	9.278145e+01
2.140000e-06	1.882879e-09	4.012672e-10	1.021565e+01	1.010725e+02
2.150000e-06	1.941849e-09	4.336623e-10	1.053560e+01	1.093247e+02
2.160000e-06	2.000631e-09	4.653601e-10	1.085453e+01	1.175306e+02
2.170000e-06	2.059191e-09	4.966973e-10	1.117225e+01	1.256830e+02
2.180000e-06	2.117515e-09	5.282077e-10	1.148869e+01	1.337746e+02
2.190000e-06	2.175597e-09	5.601480e-10	1.180382e+01	1.417989e+02
2.200000e-06	2.233367e-09	5.919024e-10	1.211725e+01	1.497500e+02
2.210000e-06	2.290860e-09	6.227199e-10	1.242918e+01	1.576224e+02
2.220000e-06	2.348112e-09	6.532820e-10	1.273980e+01	1.654116e+02
2.230000e-06	2.405071e-09	6.843549e-10	1.304883e+01	1.731138e+02
2.240000e-06	2.461721e-09	7.149710e-10	1.335619e+01	1.807257e+02
2.250000e-06	2.518150e-09	7.442454e-10	1.366235e+01	1.882447e+02
2.260000e-06	2.574424e-09	7.727133e-10	1.396767e+01	1.956685e+02
2.270000e-06	2.630532e-09	8.011068e-10	1.427209e+01	2.029951e+02
2.280000e-06	2.686507e-09	8.296667e-10	1.457579e+01	2.102229e+02
2.290000e-06	2.742363e-09	8.581587e-10	1.487885e+01	2.173502e+02
2.300000e-06	2.798078e-09	8.861112e-10	1.518113e+01	2.243751e+02
2.310000e-06	2.853659e-09	9.132315e-10	1.548269e+01	2.312960e+02
2.320000e-06	2.909106e-09	9.398610e-10	1.578353e+01	2.381109e+02
2.330000e-06	2.964374e-09	9.663934e-10	1.608339e+01	2.448180e+02
2.340000e-06	3.019431e-09	9.921376e-10	1.638211e+01	2.514153e+02
2.350000e-06	3.074255e-09	1.016512e-09	1.667956e+01	2.579011e+02
2.360000e-06	3.128856e-09	1.040306e-09	1.697580e+01	2.642736e+02
2.370000e-06	3.183265e-09	1.064572e-09	1.727101e+01	2.705315e+02
2.380000e-06	3.237477e-09	1.089367e-09	1.756514e+01	2.766736e+02
2.390000e-06	3.291471e-09	1.114155e-09	1.785809e+01	2.826992e+02
2.400000e-06	3.345257e-09	1.138283e-09	1.814991e+01	2.886079e+02
2.410000e-06	3.398827e-09	1.161074e-09	1.844056e+01	2.943998e+02
2.420000e-06	3.452161e-09	1.182621e-09	1.872993e+01	3.000753e+02
2.430000e-06	3.505232e-09	1.203822e-09	1.901787e+01	3.056348e+02
2.440000e-06	3.558051e-09	1.224927e-09	1.930444e+01	3.110792e+02
2.450000e-06	3.610602e-09	1.245672e-09	1.958956e+01	3.164092e+02
2.460000e-06	3.662872e-09	1.266266e-09	1.987316e+01	3.216255e+02
2.470000e-06	3.714864e-09	1.286693e-09	2.015525e+01	3.267286e+02
2.480000e-06	3.766535e-09	1.306545e-09	2.043559e+01	3.317190e+02
2.490000e-06	3.817922e-09	1.325733e-09	2.071439e+01	3.365965e+02
2.500000e-06	3.868931e-09	1.344403e-09	2.099115e+01	3.413611e+02
2.510000e-06	3.919499e-09	1.362317e-09	2.126551e+01	3.460124e+02
2.520000e-06	3.969667e-09	1.379383e-09	2.153770e+01	3.505500e+02
2.530000e-06	4.019376e-09	1.396160e-09	2.180740e+01	3.549734e+02
2.540000e-06	4.068617e-09	1.412691e-09	2.207456e+01	3.592824e+02
2.550000e-06	4.117429e-09	1.428789e-09	2.233939e+01	3.634772e+02
2.560000e-06	4.165878e-09	1.444719e-09	2.260225e+01	3.675585e+02
2.570000e-06	4.214037e-09	1.460195e-09	2.286355e+01	3.715277e+02
2.580000e-06	4.261938e-09	1.474866e-09	2.312344e+01	3.753868e+02
2.590000e-06	4.309630e-09	1.489254e-09	2.338220e+01	3.791388e+02
2.600000e-06	4.357092e-09	1.503737e-09	2.363971e+01	3.827873e+02
2.610000e-06	4.404305e-09	1.517936e-09	2.389587e+01	3.863369e+02
2.620000e-06	4.451230e-09	1.531368e-09	2.415046e+01	3.897925e+02
2.630000e-06	4.497780e-09	1.544150e-09	2.440302e+01	3.931596e+02
2.640000e-06	4.543991e-09	1.556586e-09	2.465375e+01	3.964439e+02
2.650000e-06	4.589908e-09	1.568917e-09	2.490288e+01	3.996511e+02
2.660000e-06	4.635484e-09	1.581219e-09	2.515015e+01	4.027867e+02
2.670000e-06	4.680724e-09	1.593233e-09	2.539560e+01	4.058557e+02
2.680000e-06	4.725683e-09	1.604998e-09	2.563954e+01	4.088624e+02
2.690000e-06	4.770340e-09	1.616855e-09	2.588183e+01	4.118104e+02
2.700000e-06	4.814669e-09	1.628499e-09	2.612234e+01	4.147027e+02
2.710000e-06	4.858732e-09	1.639649e-09	2.636141e+01	4.175412e+02
2.720000e-06	4.902602e-09	1.650185e-09	2.659943e+01	4.203271e+02
2.730000e-06	4.946240e-09	1.660044e-09	2.683620e+01	4.230610e+02
2.740000e-06	4.989598e-09	1.670079e-09	2.707144e+01	4.257429e+02
2.750000e-06	5.032625e-09	1.680712e-09	2.730489e+01	4.283726e+02
2.760000e-06	5.075139e-09	1.691470e-09	2.753555e+01	4.309497e+02
2.770000e-06	5.116998e-09	1.701544e-09	2.776266e+01	4.334740e+02
2.780000e-06	5.158220e-09	1.710892e-09	2.798631e+01	4.359454e+02
2.790000e-06	5.198904e-09	1.720056e-09	2.820704e+01	4.383644e+02
2.800000e-06	5.239174e-09	1.729180e-09	2.842553e+01	4.407317e+02
2.810000e-06	5.279115e-09	1.738437e-09	2.864224e+01	4.430488e+02
2.820000e-06	5.318824e-09	1.747932e-09	2.885769e+01	4.453175e+02
2.830000e-06	5.358313e-09	1.757302e-09	2.907193e+01	4.475399e+02
2.840000e-06	5.397490e-09	1.766038e-09	2.928449e+01	4.497186e+02
2.850000e-06	5.436314e-09	1.774095e-09	2.949514e+01	4.518560e+02
2.860000e-06	5.474719e-09	1.782016e-09	2.970351e+01	4.539548e+02
2.870000e-06	5.512713e-09	1.789762e-09	2.990965e+01	4.560173e+02
2.880000e-06	5.550312e-09	1.797512e-09	3.011365e+01	4.580455e+02
2.890000e-06	5.587498e-09	1.805873e-09	3.031540e+01	4.600410e+02
2.900000e-06	5.624277e-09	1.814548e-09	3.051495e+01	4.620047e+02
2.910000e-06	5.660649e-09	1.823030e-09	3.071229e+01	4.639374e+02
2.920000e-06	5.696707e-09	1.830757e-09	3.090793e+01	4.658391e+02
2.930000e-06	5.732522e-09	1.837526e-09	3.110225e+01	4.677095e+02
2.940000e-06	5.768088e-09	1.843632e-09	3.129522e+01	4.695483e+02
2.950000e-06	5.803326e-09	1.849718e-09	3.148641e+01	4.713547e+02
2.960000e-06	5.838087e-09	1.856725e-09	3.167501e+01	4.731281e+02
2.970000e-06	5.872207e-09	1.864416e-09	3.186012e+01	4.748683e+02
2.980000e-06	5.905622e-09	1.871929e-09	3.204142e+01	4.765750e+02
2.990000e-06	5.938384e-09	1.879301e-09	3.221917e+01	4.782484e+02
3.000000e-06	5.970615e-09	1.886504e-09	3.239404e+01	4.798892e+02
3.010000e-06	6.002517e-09	1.892935e-09	3.256713e+01	4.814982e+02
3.020000e-06	6.034164e-09	1.898785e-09	3.273883e+01	4.830769e+02
3.030000e-06	6.065496e-09	1.904517e-09	3.290883e+01	4.846266e+02
3.040000e-06	6.096468e-09	1.910059e-09	3.307687e+01	4.861490e+02
3.050000e-06	6.127000e-09	1.915640e-09	3.324253e+01	4.876456e+02
3.060000e-06	6.157059e-09	1.921590e-09	3.340561e+01	4.891178e+02
3.070000e-06	6.186677e-09	1.928061e-09	3.356631e+01	4.905667e+02
3.080000e-06	6.215856e-09	1.934251e-09	3.372463e+01	4.919931e+02
3.090000e-06	6.244597e-09	1.939484e-09	3.388056e+01	4.933973e+02
3.100000e-06	6.272948e-09	1.944459e-09	3.403439e+01	4.947792e+02
3.110000e-06	6.300973e-09	1.949691e-09	3.418644e+01	4.961383e+02
3.120000e-06	6.328728e-09	1.954957e-09	3.433703e+01	4.974737e+02
3.130000e-06	6.356212e-09	1.960155e-09	3.448615e+01	4.987844e+02
3.140000e-06	6.383265e-09	1.965400e-09	3.463292e+01	5.000694e+02
3.150000e-06	6.409629e-09	1.970345e-09	3.477596e+01	5.013274e+02
3.160000e-06	6.435193e-09	1.974844e-09	3.491466e+01	5.025576e+02
3.170000e-06	6.460042e-09	1.979276e-09	3.504948e+01	5.037591e+02
3.180000e-06	6.484306e-09	1.983877e-09	3.518113e+01	5.049318e+02
3.190000e-06	6.508147e-09	1.988620e-09	3.531048e+01	5.060754e+02
3.200000e-06	6.531644e-09	1.993524e-09	3.543797e+01	5.071903e+02
3.210000e-06	6.554753e-09	1.998324e-09	3.556335e+01	5.082771e+02
3.220000e-06	6.577419e-09	2.002864e-09	3.568632e+01	5.093366e+02
3.230000e-06	6.599606e-09	2.006948e-09	3.580671e+01	5.103697e+02
3.240000e-06	6.621327e-09	2.010039e-09	3.592456e+01	5.113772e+02
3.250000e-06	6.642593e-09	2.012951e-09	3.603994e+01	5.123601e+02
3.260000e-06	6.663380e-09	2.016913e-09	3.615272e+01	5.133187e+02
3.270000e-06	6.683711e-09	2.021604e-09	3.626302e+01	5.142536e+02
3.280000e-06	6.703689e-09	2.025881e-09	3.637142e+01	5.151646e+02
3.290000e-06	6.723379e-09	2.029489e-09	3.647825e+01	5.160516e+02
3.300000e-06	6.742752e-09	2.032836e-09	3.658336e+01	5.169141e+02
3.310000e-06	6.761664e-09	2.035809e-09	3.668597e+01	5.177516e+02
3.320000e-06	6.780001e-09	2.038418e-09	3.678546e+01	5.185633e+02
3.330000e-06	6.797736e-09	2.041349e-09	3.688169e+01	5.193488e+02
3.340000e-06	6.814960e-09	2.044420e-09	3.697514e+01	5.201078e+02
3.350000e-06	6.831776e-09	2.047288e-09	3.706638e+01	5.208403e+02
3.360000e-06	6.848202e-09	2.050364e-09	3.715550e+01	5.215467e+02
3.370000e-06	6.864179e-09	2.053322e-09	3.724218e+01	5.222277e+02
3.380000e-06	6.879567e-09	2.055549e-09	3.732567e+01	5.228847e+02
3.390000e-06	6.894258e-09	2.057265e-09	3.740537e+01	5.235191e+02
3.400000e-06	6.908329e-09	2.059082e-09	3.748172e+01	5.241327e+02
3.410000e-06	6.921910e-09	2.061326e-09	3.755541e+01	5.247274e+02
3.420000e-06	6.934997e-09	2.063920e-09	3.762641e+01	5.253049e+02
3.430000e-06	6.947585e-09	2.066615e-09	3.769471e+01	5.258667e+02
3.440000e-06	6.959690e-09	2.068855e-09	3.776039e+01	5.264140e+02
3.450000e-06	6.971318e-09	2.070312e-09	3.782348e+01	5.269475e+02
3.460000e-06	6.982383e-09	2.071631e-09	3.788351e+01	5.274670e+02
3.470000e-06	6.992742e-09	2.073551e-09	3.793971e+01	5.279720e+02
3.480000e-06	7.002313e-09	2.075799e-09	3.799164e+01	5.284614e+02
3.490000e-06	7.011115e-09	2.077758e-09	3.803940e+01	5.289333e+02
3.500000e-06	7.019339e-09	2.079032e-09	3.808402e+01	5.293858e+02
3.510000e-06	7.027172e-09	2.079962e-09	3.812652e+01	5.298166e+02
3.520000e-06	7.034648e-09	2.081271e-09	3.816708e+01	5.302236e+02
3.530000e-06	7.041729e-09	2.082726e-09	3.820550e+01	5.306046e+02
3.540000e-06	7.048336e-09	2.083895e-09	3.824135e+01	5.309583e+02
3.550000e-06	7.054428e-09	2.085125e-09	3.827440e+01	5.312835e+02
3.560000e-06	7.059997e-09	2.086741e-09	3.830461e+01	5.315801e+02
3.570000e-06	7.065037e-09	2.088385e-09	3.833196e+01	5.318483e+02
3.580000e-06	7.069556e-09	2.089434e-09	3.835648e+01	5.320893e+02
3.590000e-06	7.073637e-09	2.089691e-09	3.837862e+01	5.323049e+02
3.600000e-06	7.077403e-09	2.089572e-09	3.839906e+01	5.324970e+02
3.610000e-06	7.080832e-09	2.089595e-09	3.841766e+01	5.326683e+02
3.620000e-06	7.083808e-09	2.090329e-09	3.843381e+01	5.328211e+02
3.630000e-06	7.086137e-09	2.091523e-09	3.844644e+01	5.329577e+02
3.640000e-06	7.087643e-09	2.092348e-09	3.845462e+01	5.330802e+02
3.650000e-06	7.088403e-09	2.092457e-09	3.845874e+01	5.331899e+02
3.660000e-06	7.088635e-09	2.092125e-09	3.846000e+01	5.332877e+02
3.670000e-06	7.088474e-09	2.092167e-09	3.845913e+01	5.333736e+02
3.680000e-06	7.087958e-09	2.092585e-09	3.845633e+01	5.334473e+02
3.690000e-06	7.087031e-09	2.092479e-09	3.845130e+01	5.335076e+02
3.700000e-06	7.085600e-09	2.092003e-09	3.844354e+01	5.335532e+02
3.710000e-06	7.083704e-09	2.091544e-09	3.843325e+01	5.335824e+02
3.720000e-06	7.081375e-09	2.091711e-09	3.842062e+01	5.335938e+02
3.730000e-06	7.078569e-09	2.094024e-09	3.840539e+01	5.335860e+02
3.740000e-06	7.075287e-09	2.100573e-09	3.838759e+01	5.335582e+02
3.750000e-06	7.071543e-09	2.095624e-09	3.836727e+01	5.335103e+02
3.760000e-06	7.067217e-09	2.061463e-09	3.834380e+01	5.334429e+02
3.770000e-06	7.062074e-09	2.063641e-09	3.831590e+01	5.333573e+02
3.780000e-06	7.056100e-09	2.135734e-09	3.828349e+01	5.332557e+02
3.790000e-06	7.049669e-09	2.128429e-09	3.824860e+01	5.331409e+02
3.800000e-06	7.043135e-09	2.041816e-09	3.821315e+01	5.330161e+02
3.810000e-06	7.036295e-09	2.048202e-09	3.817603e+01	5.328848e+02
3.820000e-06	7.028727e-09	2.138647e-09	3.813497e+01	5.327507e+02
3.830000e-06	7.020542e-09	2.137674e-09	3.809057e+01	5.326170e+02
3.840000e-06	7.012062e-09	2.040055e-09	3.804456e+01	5.324866e+02
3.850000e-06	7.003231e-09	2.045069e-09	3.799664e+01	5.323618e+02
3.860000e-06	6.993794e-09	2.143134e-09	3.794545e+01	5.322440e+02
3.870000e-06	6.983773e-09	2.132485e-09	3.789108e+01	5.321339e+02
3.880000e-06	6.973375e-09	2.032982e-09	3.783466e+01	5.320311e+02
3.890000e-06	6.962560e-09	2.056110e-09	3.777599e+01	5.319348e+02
3.900000e-06	6.951155e-09	2.147104e-09	3.771411e+01	5.318431e+02
3.910000e-06	6.939131e-09	2.101212e-09	3.764887e+01	5.317541e+02
3.920000e-06	6.926559e-09	2.017526e-09	3.758067e+01	5.316652e+02
3.930000e-06	6.913248e-09	2.082697e-09	3.750845e+01	5.315739e+02
3.940000e-06	6.899059e-09	2.148788e-09	3.743146e+01	5.314778e+02
3.950000e-06	6.884184e-09	2.062959e-09	3.735076e+01	5.313745e+02
3.960000e-06	6.868809e-09	2.024659e-09	3.726734e+01	5.312621e+02
3.970000e-06	6.852936e-09	2.121479e-09	3.718122e+01	5.311392e+02
3.980000e-06	6.836650e-09	2.120068e-09	3.709286e+01	5.310043e+02
3.990000e-06	6.820033e-09	2.025979e-09	3.700270e+01	5.308565e+02
4.000000e-06	6.802982e-09	2.069980e-09	3.691019e+01	5.306949e+02
4.010000e-06	6.785366e-09	2.144985e-09	3.681461e+01	5.305185e+02
4.020000e-06	6.767246e-09	2.066318e-09	3.671630e+01	5.303264e+02
4.030000e-06	6.748703e-09	2.021790e-09	3.661570e+01	5.301170e+02
4.040000e-06	6.729677e-09	2.117760e-09	3.651247e+01	5.298885e+02
4.050000e-06	6.710185e-09	2.119842e-09	3.640672e+01	5.296387e+02
4.060000e-06	6.690303e-09	2.025592e-09	3.629884e+01	5.293645e+02
4.070000e-06	6.670097e-09	2.067560e-09	3.618922e+01	5.290629e+02
4.080000e-06	6.649551e-09	2.133709e-09	3.607774e+01	5.287301e+02
4.090000e-06	6.628491e-09	2.051256e-09	3.596348e+01	5.283625e+02
4.100000e-06	6.606706e-09	2.030258e-09	3.584529e+01	5.279565e+02
4.110000e-06	6.584124e-09	2.118676e-09	3.572277e+01	5.275088e+02
4.120000e-06	6.560843e-09	2.081707e-09	3.559646e+01	5.270168e+02
4.130000e-06	6.537069e-09	2.015451e-09	3.546747e+01	5.264785e+02
4.140000e-06	6.512956e-09	2.089281e-09	3.533664e+01	5.258931e+02
4.150000e-06	6.488536e-09	2.105659e-09	3.520415e+01	5.252607e+02
4.160000e-06	6.463751e-09	2.026963e-09	3.506968e+01	5.245824e+02
4.170000e-06	6.438487e-09	2.057227e-09	3.493260e+01	5.238607e+02
4.180000e-06	6.412733e-09	2.098794e-09	3.479287e+01	5.230986e+02
4.190000e-06	6.386546e-09	2.042265e-09	3.465079e+01	5.223000e+02
4.200000e-06	6.359886e-09	2.041834e-09	3.450615e+01	5.214692e+02
4.210000e-06	6.332689e-09	2.077523e-09	3.435859e+01	5.206106e+02
4.220000e-06	6.305009e-09	2.039295e-09	3.420841e+01	5.197286e+02
4.230000e-06	6.277013e-09	2.028035e-09	3.405652e+01	5.188270e+02
4.240000e-06	6.248749e-09	2.058850e-09	3.390317e+01	5.179091e+02
4.250000e-06	6.220196e-09	2.040021e-09	3.374825e+01	5.169771e+02
4.260000e-06	6.191218e-09	2.025435e-09	3.359103e+01	5.160324e+02
4.270000e-06	6.161635e-09	2.039967e-09	3.343053e+01	5.150756e+02
4.280000e-06	6.131352e-09	2.022679e-09	3.326623e+01	5.141061e+02
4.290000e-06	6.100378e-09	2.013738e-09	3.309818e+01	5.131228e+02
4.300000e-06	6.068813e-09	2.028303e-09	3.292692e+01	5.121237e+02
4.310000e-06	6.036826e-09	2.013351e-09	3.275337e+01	5.111068e+02
4.320000e-06	6.004551e-09	2.001287e-09	3.257826e+01	5.100698e+02
4.330000e-06	5.971932e-09	2.013558e-09	3.240128e+01	5.090107e+02
4.340000e-06	5.938894e-09	2.003962e-09	3.222203e+01	5.079279e+02
4.350000e-06	5.905404e-09	1.991094e-09	3.204033e+01	5.068202e+02
4.360000e-06	5.871474e-09	1.995527e-09	3.185624e+01	5.056873e+02
4.370000e-06	5.837158e-09	1.985251e-09	3.167006e+01	5.045292e+02
4.380000e-06	5.802457e-09	1.974746e-09	3.148178e+01	5.033471e+02
4.390000e-06	5.767356e-09	1.982163e-09	3.129134e+01	5.021422e+02
4.400000e-06	5.731863e-09	1.978684e-09	3.109877e+01	5.009164e+02
4.410000e-06	5.696024e-09	1.966808e-09	3.090432e+01	4.996717e+02
4.420000e-06	5.659919e-09	1.964588e-09	3.070843e+01	4.984100e+02
4.430000e-06	5.623578e-09	1.959818e-09	3.051126e+01	4.971329e+02
4.440000e-06	5.586905e-09	1.951844e-09	3.031229e+01	4.958417e+02
4.450000e-06	5.549746e-09	1.947377e-09	3.011069e+01	4.945371e+02
4.460000e-06	5.511971e-09	1.940959e-09	2.990573e+01	4.932189e+02
4.470000e-06	5.473502e-09	1.935052e-09	2.969702e+01	4.918864e+02
4.480000e-06	5.434373e-09	1.932240e-09	2.948472e+01	4.905383e+02
4.490000e-06	5.394748e-09	1.927392e-09	2.926974e+01	4.891725e+02
4.500000e-06	5.354820e-09	1.922757e-09	2.905310e+01	4.877867e+02
4.510000e-06	5.314645e-09	1.916430e-09	2.883513e+01	4.863784e+02
4.520000e-06	5.274191e-09	1.906668e-09	2.861564e+01	4.849450e+02
4.530000e-06	5.233432e-09	1.901049e-09	2.839450e+01	4.834841e+02
4.540000e-06	5.192346e-09	1.898470e-09	2.817159e+01	4.819938e+02
4.550000e-06	5.150900e-09	1.890643e-09	2.794672e+01	4.804725e+02
4.560000e-06	5.109068e-09	1.882431e-09	2.771976e+01	4.789194e+02
4.570000e-06	5.066865e-09	1.878665e-09	2.749078e+01	4.773342e+02
4.580000e-06	5.024317e-09	1.873913e-09	2.725993e+01	4.757173e+02
4.590000e-06	4.981431e-09	1.866203e-09	2.702725e+01	4.740693e+02
4.600000e-06	4.938156e-09	1.859528e-09	2.679246e+01	4.723917e+02
4.610000e-06	4.894493e-09	1.852620e-09	2.655556e+01	4.706858e+02
4.620000e-06	4.850575e-09	1.843618e-09	2.631728e+01	4.689531e+02
4.630000e-06	4.806480e-09	1.836188e-09	2.607804e+01	4.671949e+02
4.640000e-06	4.762154e-09	1.831196e-09	2.583755e+01	4.654125e+02
4.650000e-06	4.717523e-09	1.824866e-09	2.559540e+01	4.636064e+02
4.660000e-06	4.672537e-09	1.816902e-09	2.535133e+01	4.617769e+02
4.670000e-06	4.627187e-09	1.810373e-09	2.510528e+01	4.599239e+02
4.680000e-06	4.581489e-09	1.804609e-09	2.485734e+01	4.580467e+02
4.690000e-06	4.535484e-09	1.796575e-09	2.460773e+01	4.561441e+02
4.700000e-06	4.489151e-09	1.786785e-09	2.435635e+01	4.542149e+02
4.710000e-06	4.442504e-09	1.777668e-09	2.410326e+01	4.522575e+02
4.720000e-06	4.395544e-09	1.769713e-09	2.384848e+01	4.502705e+02
4.730000e-06	4.348281e-09	1.763062e-09	2.359205e+01	4.482526e+02
4.740000e-06	4.300789e-09	1.756814e-09	2.333438e+01	4.462025e+02
4.750000e-06	4.252943e-09	1.749328e-09	2.307478e+01	4.441196e+02
4.760000e-06	4.204685e-09	1.740378e-09	2.281296e+01	4.420034e+02
4.770000e-06	4.156072e-09	1.732027e-09	2.254921e+01	4.398539e+02
4.780000e-06	4.107081e-09	1.724421e-09	2.228340e+01	4.376716e+02
4.790000e-06	4.057709e-09	1.715571e-09	2.201553e+01	4.354570e+02
4.800000e-06	4.008016e-09	1.705288e-09	2.174591e+01	4.332109e+02
4.810000e-06	3.958012e-09	1.695481e-09	2.147462e+01	4.309345e+02
4.820000e-06	3.907715e-09	1.687123e-09	2.120173e+01	4.286284e+02
4.830000e-06	3.857165e-09	1.679709e-09	2.092746e+01	4.262934e+02
4.840000e-06	3.806321e-09	1.671124e-09	2.065160e+01	4.239300e+02
4.850000e-06	3.755148e-09	1.660502e-09	2.037396e+01	4.215382e+02
4.860000e-06	3.703665e-09	1.649558e-09	2.009463e+01	4.191178e+02
4.870000e-06	3.651871e-09	1.639541e-09	1.981363e+01	4.166682e+02
4.880000e-06	3.599810e-09	1.629630e-09	1.953116e+01	4.141883e+02
4.890000e-06	3.547509e-09	1.619419e-09	1.924740e+01	4.116771e+02
4.900000e-06	3.494941e-09	1.609503e-09	1.896219e+01	4.091329e+02
4.910000e-06	3.442065e-09	1.599912e-09	1.867531e+01	4.065544e+02
4.920000e-06	3.388885e-09	1.590465e-09	1.838678e+01	4.039402e+02
4.930000e-06	3.335384e-09	1.581014e-09	1.809650e+01	4.012889e+02
4.940000e-06	3.281510e-09	1.570369e-09	1.780421e+01	3.985993e+02
4.950000e-06	3.227254e-09	1.558281e-09	1.750984e+01	3.958708e+02
4.960000e-06	3.172632e-09	1.546133e-09	1.721349e+01	3.931026e+02
4.970000e-06	3.117637e-09	1.534398e-09	1.691511e+01	3.902947e+02
4.980000e-06	3.062291e-09	1.523381e-09	1.661482e+01	3.874469e+02
4.990000e-06	3.006688e-09	1.513115e-09	1.631314e+01	3.845594e+02
5.000000e-06	2.950891e-09	1.502289e-09	1.601041e+01	3.816324e+02
5.010000e-06	2.894915e-09	1.490089e-09	1.570671e+01	3.786662e+02
5.020000e-06	2.838790e-09	1.478014e-09	1.540220e+01	3.756609e+02
5.030000e-06	2.782552e-09	1.466431e-09	1.509707e+01	3.726162e+02
5.040000e-06	2.726191e-09	1.454093e-09	1.479128e+01	3.695320e+02
5.050000e-06	2.669698e-09	1.440972e-09	1.448478e+01	3.664073e+02
5.060000e-06	2.613074e-09	1.428156e-09	1.417756e+01	3.632412e+02
5.070000e-06	2.556290e-09	1.415586e-09	1.386947e+01	3.600323e+02
5.080000e-06	2.499335e-09	1.402961e-09	1.356046e+01	3.567786e+02
5.090000e-06	2.442208e-09	1.390672e-09	1.325051e+01	3.534783e+02
5.100000e-06	2.384932e-09	1.377708e-09	1.293975e+01	3.501291e+02
5.110000e-06	2.327492e-09	1.363275e-09	1.262811e+01	3.467286e+02
5.120000e-06	2.269834e-09	1.348581e-09	1.231528e+01	3.432744e+02
5.130000e-06	2.212001e-09	1.334370e-09	1.200150e+01	3.397643e+02
5.140000e-06	2.153993e-09	1.320244e-09	1.168677e+01	3.361958e+02
5.150000e-06	2.095823e-09	1.305691e-09	1.137117e+01	3.325670e+02
5.160000e-06	2.037511e-09	1.291176e-09	1.105480e+01	3.288756e+02
5.170000e-06	1.979022e-09	1.276942e-09	1.073746e+01	3.251199e+02
5.180000e-06	1.920407e-09	1.262332e-09	1.041944e+01	3.212981e+02
5.190000e-06	1.861692e-09	1.247192e-09	1.010088e+01	3.174085e+02
5.200000e-06	1.802817e-09	1.231343e-09	9.781443e+00	3.134496e+02
5.210000e-06	1.743815e-09	1.214225e-09	9.461324e+00	3.094195e+02
5.220000e-06	1.684738e-09	1.196426e-09	9.140795e+00	3.053166e+02
5.230000e-06	1.625531e-09	1.179503e-09	8.819564e+00	3.011391e+02
5.240000e-06	1.566169e-09	1.163218e-09	8.497489e+00	2.968851e+02
5.250000e-06	1.506702e-09	1.146394e-09	8.174850e+00	2.925524e+02
5.260000e-06	1.447173e-09	1.129310e-09	7.851865e+00	2.881388e+02
5.270000e-06	1.387536e-09	1.112151e-09	7.528300e+00	2.836422e+02
5.280000e-06	1.327779e-09	1.094399e-09	7.204082e+00	2.790602e+02
5.290000e-06	1.267962e-09	1.075805e-09	6.879544e+00	2.743905e+02
5.300000e-06	1.208094e-09	1.056608e-09	6.554722e+00	2.696308e+02
5.310000e-06	1.148162e-09	1.037097e-09	6.229557e+00	2.647790e+02
5.320000e-06	1.088196e-09	1.017484e-09	5.904206e+00	2.598330e+02
5.330000e-06	1.028182e-09	9.982767e-10	5.578592e+00	2.547908e+02
5.340000e-06	9.680876e-10	9.789402e-10	5.252545e+00	2.496505e+02
5.350000e-06	9.079567e-10	9.588284e-10	4.926299e+00	2.444104e+02
5.360000e-06	8.478098e-10	9.383224e-10	4.599967e+00	2.390688e+02
5.370000e-06	7.876211e-10	9.176199e-10	4.273408e+00	2.336238e+02
5.380000e-06	7.273781e-10	8.959818e-10	3.946553e+00	2.280736e+02
5.390000e-06	6.670928e-10	8.731813e-10	3.619470e+00	2.224161e+02
5.400000e-06	6.067990e-10	8.499540e-10	3.292340e+00	2.166491e+02
5.410000e-06	5.465081e-10	8.267705e-10	2.965226e+00	2.107699e+02
5.420000e-06	4.861913e-10	8.035540e-10	2.637972e+00	2.047760e+02
5.430000e-06	4.258433e-10	7.800577e-10	2.310548e+00	1.986642e+02
5.440000e-06	3.654820e-10	7.561911e-10	1.983053e+00	1.924315e+02
5.450000e-06	3.050788e-10	7.317982e-10	1.655329e+00	1.860749e+02
5.460000e-06	2.446575e-10	7.068552e-10	1.327509e+00	1.795914e+02
5.470000e-06	1.842698e-10	6.812091e-10	9.998700e-01	1.729784e+02
5.480000e-06	1.238745e-10	6.547999e-10	6.721898e-01	1.662340e+02
5.490000e-06	6.346890e-11	6.275599e-10	3.444537e-01	1.593567e+02
5.500000e-06	3.060160e-12	5.994639e-10	1.670035e-02	1.523465e+02
5.510000e-06	-5.733375e-11	5.710855e-10	-3.109721e-01	1.452040e+02
5.520000e-06	-1.177064e-10	5.428613e-10	-6.385286e-01	1.379314e+02
5.530000e-06	-1.780964e-10	5.143776e-10	-9.661799e-01	1.305322e+02
5.540000e-06	-2.385080e-10	4.850713e-10	-1.293948e+00	1.230114e+02
5.550000e-06	-2.989248e-10	4.552907e-10	-1.621745e+00	1.153750e+02
5.560000e-06	-3.593150e-10	4.252686e-10	-1.949398e+00	1.076306e+02
5.570000e-06	-4.196946e-10	3.947722e-10	-2.276993e+00	9.978657e+01
5.580000e-06	-4.800408e-10	3.637000e-10	-2.604407e+00	9.185230e+01
5.590000e-06	-5.403389e-10	3.323342e-10	-2.931560e+00	8.383757e+01
5.600000e-06	-6.005926e-10	3.007123e-10	-3.258472e+00	7.575241e+01
5.610000e-06	-6.608028e-10	2.688794e-10	-3.585149e+00	6.760672e+01
5.620000e-06	-7.209834e-10	2.371230e-10	-3.911665e+00	5.941005e+01
5.630000e-06	-7.811392e-10	2.053216e-10	-4.238047e+00	5.117125e+01
5.640000e-06	-8.412715e-10	1.730344e-10	-4.564301e+00	4.289826e+01
5.650000e-06	-9.013754e-10	1.400123e-10	-4.890400e+00	3.459801e+01
5.660000e-06	-9.614382e-10	1.067583e-10	-5.216277e+00	2.627630e+01
5.670000e-06	-1.021439e-09	7.379659e-11	-5.541816e+00	1.793778e+01
5.680000e-06	-1.081409e-09	4.105611e-11	-5.867192e+00	9.586091e+00
5.690000e-06	-1.141349e-09	8.367735e-12	-6.192402e+00	1.223940e+00
5.700000e-06	-1.201229e-09	-2.428434e-11	-6.517284e+00	-7.146650e+00
5.710000e-06	-1.261047e-09	-5.704809e-11	-6.841834e+00	-1.552411e+01
5.720000e-06	-1.320783e-09	-8.974649e-11	-7.165937e+00	-2.390705e+01
5.730000e-06	-1.380416e-09	-1.220915e-10	-7.489482e+00	-3.229399e+01
5.740000e-06	-1.439964e-09	-1.544127e-10	-7.812566e+00	-4.068310e+01
5.750000e-06	-1.499394e-09	-1.870597e-10	-8.135008e+00	-4.907202e+01
5.760000e-06	-1.558677e-09	-2.199075e-10	-8.456655e+00	-5.745761e+01
5.770000e-06	-1.617867e-09	-2.530551e-10	-8.777792e+00	-6.583597e+01
5.780000e-06	-1.676973e-09	-2.864294e-10	-9.098480e+00	-7.420228e+01
5.790000e-06	-1.735943e-09	-3.193524e-10	-9.418424e+00	-8.255093e+01
5.800000e-06	-1.794773e-09	-3.517030e-10	-9.737613e+00	-9.087558e+01
5.810000e-06	-1.853491e-09	-3.840613e-10	-1.005619e+01	-9.916932e+01
5.820000e-06	-1.912067e-09	-4.162161e-10	-1.037400e+01	-1.074249e+02
5.830000e-06	-1.970500e-09	-4.479066e-10	-1.069104e+01	-1.156348e+02
5.840000e-06	-2.028792e-09	-4.799142e-10	-1.100730e+01	-1.237917e+02
5.850000e-06	-2.086936e-09	-5.121509e-10	-1.132277e+01	-1.318885e+02
5.860000e-06	-2.144939e-09	-5.439758e-10	-1.163747e+01	-1.399185e+02
5.870000e-06	-2.202769e-09	-5.752485e-10	-1.195123e+01	-1.478756e+02
5.880000e-06	-2.260396e-09	-6.058209e-10	-1.226389e+01	-1.557546e+02
5.890000e-06	-2.317835e-09	-6.356816e-10	-1.257553e+01	-1.635507e+02
5.900000e-06	-2.375078e-09	-6.654554e-10	-1.288611e+01	-1.712601e+02
5.910000e-06	-2.432113e-09	-6.958029e-10	-1.319556e+01	-1.788795e+02
5.920000e-06	-2.488969e-09	-7.259820e-10	-1.350403e+01	-1.864061e+02
5.930000e-06	-2.545650e-09	-7.554149e-10	-1.381157e+01	-1.938377e+02
5.940000e-06	-2.602203e-09	-7.842455e-10	-1.411840e+01	-2.011724e+02
5.950000e-06	-2.658647e-09	-8.125955e-10	-1.442464e+01	-2.084083e+02
5.960000e-06	-2.714957e-09	-8.404994e-10	-1.473016e+01	-2.155438e+02
5.970000e-06	-2.771138e-09	-8.677139e-10	-1.503497e+01	-2.225771e+02
5.980000e-06	-2.827188e-09	-8.945654e-10	-1.533908e+01	-2.295065e+02
5.990000e-06	-2.883107e-09	-9.214520e-10	-1.564247e+01	-2.363302e+02
6.000000e-06	-2.938896e-09	-9.484160e-10	-1.594516e+01	-2.430462e+02
6.010000e-06	-2.994458e-09	-9.752967e-10	-1.624662e+01	-2.496525e+02
6.020000e-06	-3.049719e-09	-1.001367e-09	-1.654644e+01	-2.561475e+02
6.030000e-06	-3.104719e-09	-1.026246e-09	-1.684484e+01	-2.625293e+02
6.040000e-06	-3.159356e-09	-1.050263e-09	-1.714128e+01	-2.687966e+02
6.050000e-06	-3.213567e-09	-1.074174e-09	-1.743541e+01	-2.749482e+02
6.060000e-06	-3.267374e-09	-1.098183e-09	-1.772734e+01	-2.809834e+02
6.070000e-06	-3.320800e-09	-1.121475e-09	-1.801721e+01	-2.869017e+02
6.080000e-06	-3.373917e-09	-1.144107e-09	-1.830540e+01	-2.927031e+02
6.090000e-06	-3.426707e-09	-1.166345e-09	-1.859182e+01	-2.983881e+02
6.100000e-06	-3.479223e-09	-1.187920e-09	-1.887675e+01	-3.039571e+02
6.110000e-06	-3.531514e-09	-1.209276e-09	-1.916046e+01	-3.094108e+02
6.120000e-06	-3.583571e-09	-1.230552e-09	-1.944290e+01	-3.147501e+02
6.130000e-06	-3.635359e-09	-1.251111e-09	-1.972388e+01	-3.199757e+02
6.140000e-06	-3.686872e-09	-1.271074e-09	-2.000337e+01	-3.250881e+02
6.150000e-06	-3.738109e-09	-1.291471e-09	-2.028136e+01	-3.300876e+02
6.160000e-06	-3.789062e-09	-1.312003e-09	-2.055781e+01	-3.349744e+02
6.170000e-06	-3.839718e-09	-1.330897e-09	-2.083265e+01	-3.397483e+02
6.180000e-06	-3.890091e-09	-1.348352e-09	-2.110595e+01	-3.444089e+02
6.190000e-06	-3.940164e-09	-1.366286e-09	-2.137763e+01	-3.489557e+02
6.200000e-06	-3.989905e-09	-1.384662e-09	-2.164750e+01	-3.533884e+02
6.210000e-06	-4.039279e-09	-1.402154e-09	-2.191539e+01	-3.577068e+02
6.220000e-06	-4.088216e-09	-1.418600e-09	-2.218089e+01	-3.619109e+02
6.230000e-06	-4.136705e-09	-1.434584e-09	-2.244398e+01	-3.660015e+02
6.240000e-06	-4.184757e-09	-1.450337e-09	-2.270469e+01	-3.699798e+02
6.250000e-06	-4.232380e-09	-1.465792e-09	-2.296307e+01	-3.738478e+02
6.260000e-06	-4.279660e-09	-1.480762e-09	-2.321959e+01	-3.776084e+02
6.270000e-06	-4.326656e-09	-1.495256e-09	-2.347458e+01	-3.812652e+02
6.280000e-06	-4.373381e-09	-1.509576e-09	-2.372809e+01	-3.848226e+02
6.290000e-06	-4.419885e-09	-1.523972e-09	-2.398040e+01	-3.882857e+02
6.300000e-06	-4.466151e-09	-1.538325e-09	-2.423142e+01	-3.916598e+02
6.310000e-06	-4.512171e-09	-1.551745e-09	-2.448110e+01	-3.949506e+02
6.320000e-06	-4.557882e-09	-1.563798e-09	-2.472912e+01	-3.981638e+02
6.330000e-06	-4.603232e-09	-1.575536e-09	-2.497516e+01	-4.013050e+02
6.340000e-06	-4.648233e-09	-1.587822e-09	-2.521932e+01	-4.043791e+02
6.350000e-06	-4.692927e-09	-1.600151e-09	-2.546182e+01	-4.073907e+02
6.360000e-06	-4.737365e-09	-1.612095e-09	-2.570291e+01	-4.103434e+02
6.370000e-06	-4.781579e-09	-1.623774e-09	-2.594280e+01	-4.132400e+02
6.380000e-06	-4.825586e-09	-1.634941e-09	-2.618157e+01	-4.160828e+02
6.390000e-06	-4.869385e-09	-1.645771e-09	-2.641920e+01	-4.188728e+02
6.400000e-06	-4.912901e-09	-1.656488e-09	-2.665530e+01	-4.216109e+02
6.410000e-06	-4.955994e-09	-1.666777e-09	-2.688911e+01	-4.242969e+02
6.420000e-06	-4.998687e-09	-1.676989e-09	-2.712074e+01	-4.269308e+02
6.430000e-06	-5.041085e-09	-1.687373e-09	-2.735078e+01	-4.295121e+02
6.440000e-06	-5.083181e-09	-1.697841e-09	-2.757917e+01	-4.320406e+02
6.450000e-06	-5.124949e-09	-1.708465e-09	-2.780579e+01	-4.345163e+02
6.460000e-06	-5.166368e-09	-1.718743e-09	-2.803051e+01	-4.369394e+02
6.470000e-06	-5.207372e-09	-1.727718e-09	-2.825298e+01	-4.393108e+02
6.480000e-06	-5.247976e-09	-1.735785e-09	-2.847328e+01	-4.416319e+02
6.490000e-06	-5.288293e-09	-1.743870e-09	-2.869203e+01	-4.439043e+02
6.500000e-06	-5.328418e-09	-1.752481e-09	-2.890973e+01	-4.461303e+02
6.510000e-06	-5.368302e-09	-1.761741e-09	-2.912612e+01	-4.483123e+02
6.520000e-06	-5.407805e-09	-1.771076e-09	-2.934045e+01	-4.504529e+02
6.530000e-06	-5.446881e-09	-1.780094e-09	-2.955246e+01	-4.525547e+02
6.540000e-06	-5.485433e-09	-1.788753e-09	-2.976163e+01	-4.546200e+02
6.550000e-06	-5.523301e-09	-1.796618e-09	-2.996709e+01	-4.566508e+02
6.560000e-06	-5.560514e-09	-1.803238e-09	-3.016900e+01	-4.586487e+02
6.570000e-06	-5.597225e-09	-1.809387e-09	-3.036818e+01	-4.606149e+02
6.580000e-06	-5.633571e-09	-1.816328e-09	-3.056537e+01	-4.625499e+02
6.590000e-06	-5.669645e-09	-1.824485e-09	-3.076109e+01	-4.644540e+02
6.600000e-06	-5.705457e-09	-1.833253e-09	-3.095539e+01	-4.663269e+02
6.610000e-06	-5.740959e-09	-1.841588e-09	-3.114802e+01	-4.681681e+02
6.620000e-06	-5.776066e-09	-1.848928e-09	-3.133850e+01	-4.699771e+02
6.630000e-06	-5.810742e-09	-1.855533e-09	-3.152663e+01	-4.717531e+02
6.640000e-06	-5.844992e-09	-1.861537e-09	-3.171246e+01	-4.734959e+02
6.650000e-06	-5.878836e-09	-1.867109e-09	-3.189608e+01	-4.752052e+02
6.660000e-06	-5.912258e-09	-1.872851e-09	-3.207742e+01	-4.768812e+02
6.670000e-06	-5.945185e-09	-1.879261e-09	-3.225606e+01	-4.785244e+02
6.680000e-06	-5.977697e-09	-1.886315e-09	-3.243247e+01	-4.801359e+02
6.690000e-06	-6.009910e-09	-1.893373e-09	-3.260724e+01	-4.817169e+02
6.700000e-06	-6.041821e-09	-1.899615e-09	-3.278037e+01	-4.832688e+02
6.710000e-06	-6.073359e-09	-1.904776e-09	-3.295149e+01	-4.847932e+02
6.720000e-06	-6.104375e-09	-1.909733e-09	-3.311977e+01	-4.862917e+02
6.730000e-06	-6.134693e-09	-1.914996e-09	-3.328426e+01	-4.877657e+02
6.740000e-06	-6.164232e-09	-1.920106e-09	-3.344453e+01	-4.892164e+02
6.750000e-06	-6.193132e-09	-1.925479e-09	-3.360133e+01	-4.906445e+02
6.760000e-06	-6.221615e-09	-1.931287e-09	-3.375586e+01	-4.920503e+02
6.770000e-06	-6.249818e-09	-1.937062e-09	-3.390889e+01	-4.934339e+02
6.780000e-06	-6.277737e-09	-1.942753e-09	-3.406036e+01	-4.947947e+02
6.790000e-06	-6.305300e-09	-1.948675e-09	-3.420991e+01	-4.961319e+02
6.800000e-06	-6.332434e-09	-1.954307e-09	-3.435713e+01	-4.974446e+02
6.810000e-06	-6.359076e-09	-1.958795e-09	-3.450168e+01	-4.987316e+02
6.820000e-06	-6.385264e-09	-1.963036e-09	-3.464376e+01	-4.999917e+02
6.830000e-06	-6.410981e-09	-1.967509e-09	-3.478329e+01	-5.012240e+02
6.840000e-06	-6.436198e-09	-1.971768e-09	-3.492011e+01	-5.024278e+02
6.850000e-06	-6.460961e-09	-1.976230e-09	-3.505447e+01	-5.036027e+02
6.860000e-06	-6.485361e-09	-1.981332e-09	-3.518685e+01	-5.047486e+02
6.870000e-06	-6.509481e-09	-1.986556e-09	-3.531771e+01	-5.058657e+02
6.880000e-06	-6.533273e-09	-1.991338e-09	-3.544680e+01	-5.069546e+02
6.890000e-06	-6.556601e-09	-1.995456e-09	-3.557337e+01	-5.080162e+02
6.900000e-06	-6.579303e-09	-1.999041e-09	-3.569655e+01	-5.090512e+02
6.910000e-06	-6.601256e-09	-2.002202e-09	-3.581565e+01	-5.100607e+02
6.920000e-06	-6.622465e-09	-2.005182e-09	-3.593072e+01	-5.110454e+02
6.930000e-06	-6.643136e-09	-2.008346e-09	-3.604288e+01	-5.120058e+02
6.940000e-06	-6.663427e-09	-2.011861e-09	-3.615297e+01	-5.129425e+02
6.950000e-06	-6.683388e-09	-2.015921e-09	-3.626127e+01	-5.138553e+02
6.960000e-06	-6.702999e-09	-2.020282e-09	-3.636767e+01	-5.147442e+02
6.970000e-06	-6.722135e-09	-2.024121e-09	-3.647150e+01	-5.156086e+02
6.980000e-06	-6.740784e-09	-2.027336e-09	-3.657268e+01	-5.164479e+02
6.990000e-06	-6.758998e-09	-2.030536e-09	-3.667150e+01	-5.172616e+02
7.000000e-06	-6.776760e-09	-2.034086e-09	-3.676787e+01	-5.180492e+02
7.010000e-06	-6.794066e-09	-2.037476e-09	-3.686177e+01	-5.188102e+02
7.020000e-06	-6.810890e-09	-2.039968e-09	-3.695305e+01	-5.195447e+02
7.030000e-06	-6.827278e-09	-2.041871e-09	-3.704196e+01	-5.202530e+02
7.040000e-06	-6.843339e-09	-2.044123e-09	-3.712910e+01	-5.209360e+02
7.050000e-06	-6.859003e-09	-2.047125e-09	-3.721409e+01	-5.215947e+02
7.060000e-06	-6.874079e-09	-2.050044e-09	-3.729589e+01	-5.222308e+02
7.070000e-06	-6.888372e-09	-2.052522e-09	-3.737344e+01	-5.228459e+02
7.080000e-06	-6.901832e-09	-2.055003e-09	-3.744647e+01	-5.234419e+02
7.090000e-06	-6.914605e-09	-2.058249e-09	-3.751577e+01	-5.240205e+02
7.100000e-06	-6.926873e-09	-2.061816e-09	-3.758234e+01	-5.245835e+02
7.110000e-06	-6.938718e-09	-2.064757e-09	-3.764660e+01	-5.251318e+02
7.120000e-06	-6.950068e-09	-2.066900e-09	-3.770818e+01	-5.256662e+02
7.130000e-06	-6.960847e-09	-2.068079e-09	-3.776666e+01	-5.261867e+02
7.140000e-06	-6.971114e-09	-2.068926e-09	-3.782237e+01	-5.266928e+02
7.150000e-06	-6.980959e-09	-2.070135e-09	-3.787579e+01	-5.271833e+02
7.160000e-06	-6.990358e-09	-2.072163e-09	-3.792678e+01	-5.276566e+02
7.170000e-06	-6.999235e-09	-2.075002e-09	-3.797494e+01	-5.281106e+02
7.180000e-06	-7.007641e-09	-2.078288e-09	-3.802055e+01	-5.285432e+02
7.190000e-06	-7.015746e-09	-2.081688e-09	-3.806453e+01	-5.289520e+02
7.200000e-06	-7.023510e-09	-2.084177e-09	-3.810666e+01	-5.293351e+02
7.210000e-06	-7.030736e-09	-2.085100e-09	-3.814586e+01	-5.296909e+02
7.220000e-06	-7.037260e-09	-2.084685e-09	-3.818126e+01	-5.300183e+02
7.230000e-06	-7.042977e-09	-2.083985e-09	-3.821228e+01	-5.303171e+02
7.240000e-06	-7.047947e-09	-2.084378e-09	-3.823925e+01	-5.305875e+02
7.250000e-06	-7.052406e-09	-2.086324e-09	-3.826344e+01	-5.308305e+02
7.260000e-06	-7.056542e-09	-2.089091e-09	-3.828588e+01	-5.310479e+02
7.270000e-06	-7.060350e-09	-2.091786e-09	-3.830654e+01	-5.312418e+02
7.280000e-06	-7.063708e-09	-2.093750e-09	-3.832476e+01	-5.314145e+02
7.290000e-06	-7.066560e-09	-2.094300e-09	-3.834024e+01	-5.315685e+02
7.300000e-06	-7.068970e-09	-2.093577e-09	-3.835331e+01	-5.317063e+02
7.310000e-06	-7.070945e-09	-2.092165e-09	-3.836403e+01	-5.318297e+02
7.320000e-06	-7.072380e-09	-2.091130e-09	-3.837181e+01	-5.319402e+02
7.330000e-06	-7.073253e-09	-2.091689e-09	-3.837655e+01	-5.320388e+02
7.340000e-06	-7.073711e-09	-2.093318e-09	-3.837904e+01	-5.321256e+02
