# Temperatura_=_-7.3666666666666645
# Concentracion g/m^3_=_11700.0
# C_Vs_to_Am_M_A/Vsm_=_254322799225.57578
# pendiente_HvsI_1/m_=_3716.3
# ordenada_HvsI_A/m_=_1297.0
# frecuencia_Hz_=_136202.88856477273
# Promedio de 6 ciclos

Tiempo_(s)	Campo_(V.s)	Magnetizacion_(V.s)	Campo_(kA/m)	Magnetizacion_(A/m)
0.000000e+00	-7.076499e-09	-2.177817e-09	-3.837622e+01	-5.533993e+02
1.000000e-08	-7.076677e-09	-2.179226e-09	-3.837718e+01	-5.535442e+02
2.000000e-08	-7.076445e-09	-2.179717e-09	-3.837592e+01	-5.536609e+02
3.000000e-08	-7.075620e-09	-2.179124e-09	-3.837145e+01	-5.537479e+02
4.000000e-08	-7.074062e-09	-2.178704e-09	-3.836300e+01	-5.538054e+02
5.000000e-08	-7.071737e-09	-2.179095e-09	-3.835039e+01	-5.538343e+02
6.000000e-08	-7.068762e-09	-2.181074e-09	-3.833426e+01	-5.538374e+02
7.000000e-08	-7.065337e-09	-2.185278e-09	-3.831569e+01	-5.538186e+02
8.000000e-08	-7.061530e-09	-2.183609e-09	-3.829504e+01	-5.537828e+02
9.000000e-08	-7.057142e-09	-2.166501e-09	-3.827125e+01	-5.537359e+02
1.000000e-07	-7.051952e-09	-2.158762e-09	-3.824310e+01	-5.536842e+02
1.100000e-07	-7.046125e-09	-2.189628e-09	-3.821150e+01	-5.536337e+02
1.200000e-07	-7.040045e-09	-2.212552e-09	-3.817853e+01	-5.535901e+02
1.300000e-07	-7.033788e-09	-2.174657e-09	-3.814460e+01	-5.535581e+02
1.400000e-07	-7.027090e-09	-2.143364e-09	-3.810827e+01	-5.535410e+02
1.500000e-07	-7.019827e-09	-2.184247e-09	-3.806888e+01	-5.535404e+02
1.600000e-07	-7.012189e-09	-2.218220e-09	-3.802746e+01	-5.535563e+02
1.700000e-07	-7.004207e-09	-2.172029e-09	-3.798418e+01	-5.535869e+02
1.800000e-07	-6.995538e-09	-2.136604e-09	-3.793716e+01	-5.536288e+02
1.900000e-07	-6.986059e-09	-2.186472e-09	-3.788576e+01	-5.536774e+02
2.000000e-07	-6.976028e-09	-2.219458e-09	-3.783136e+01	-5.537270e+02
2.100000e-07	-6.965617e-09	-2.170982e-09	-3.777490e+01	-5.537717e+02
2.200000e-07	-6.954582e-09	-2.150644e-09	-3.771506e+01	-5.538055e+02
2.300000e-07	-6.942860e-09	-2.202848e-09	-3.765149e+01	-5.538229e+02
2.400000e-07	-6.930633e-09	-2.210977e-09	-3.758518e+01	-5.538192e+02
2.500000e-07	-6.917853e-09	-2.160889e-09	-3.751587e+01	-5.537912e+02
2.600000e-07	-6.904443e-09	-2.164586e-09	-3.744315e+01	-5.537366e+02
2.700000e-07	-6.890451e-09	-2.200449e-09	-3.736727e+01	-5.536549e+02
2.800000e-07	-6.875796e-09	-2.177456e-09	-3.728780e+01	-5.535464e+02
2.900000e-07	-6.860358e-09	-2.155795e-09	-3.720407e+01	-5.534128e+02
3.000000e-07	-6.844199e-09	-2.187583e-09	-3.711645e+01	-5.532560e+02
3.100000e-07	-6.827556e-09	-2.183602e-09	-3.702618e+01	-5.530785e+02
3.200000e-07	-6.810569e-09	-2.141928e-09	-3.693406e+01	-5.528825e+02
3.300000e-07	-6.793174e-09	-2.161119e-09	-3.683973e+01	-5.526694e+02
3.400000e-07	-6.775395e-09	-2.194806e-09	-3.674331e+01	-5.524398e+02
3.500000e-07	-6.757150e-09	-2.158421e-09	-3.664437e+01	-5.521932e+02
3.600000e-07	-6.738387e-09	-2.134937e-09	-3.654261e+01	-5.519277e+02
3.700000e-07	-6.719159e-09	-2.177903e-09	-3.643834e+01	-5.516403e+02
3.800000e-07	-6.699544e-09	-2.182585e-09	-3.633197e+01	-5.513267e+02
3.900000e-07	-6.679570e-09	-2.139544e-09	-3.622365e+01	-5.509823e+02
4.000000e-07	-6.659135e-09	-2.147404e-09	-3.611283e+01	-5.506017e+02
4.100000e-07	-6.638198e-09	-2.172797e-09	-3.599929e+01	-5.501799e+02
4.200000e-07	-6.616816e-09	-2.149386e-09	-3.588333e+01	-5.497123e+02
4.300000e-07	-6.594975e-09	-2.140725e-09	-3.576489e+01	-5.491953e+02
4.400000e-07	-6.572686e-09	-2.162715e-09	-3.564401e+01	-5.486267e+02
4.500000e-07	-6.549948e-09	-2.147975e-09	-3.552070e+01	-5.480057e+02
4.600000e-07	-6.526809e-09	-2.126636e-09	-3.539522e+01	-5.473333e+02
4.700000e-07	-6.503322e-09	-2.143595e-09	-3.526785e+01	-5.466120e+02
4.800000e-07	-6.479485e-09	-2.145655e-09	-3.513858e+01	-5.458456e+02
4.900000e-07	-6.455232e-09	-2.121407e-09	-3.500705e+01	-5.450392e+02
5.000000e-07	-6.430401e-09	-2.122755e-09	-3.487239e+01	-5.441984e+02
5.100000e-07	-6.404834e-09	-2.132483e-09	-3.473375e+01	-5.433292e+02
5.200000e-07	-6.378464e-09	-2.120510e-09	-3.459074e+01	-5.424373e+02
5.300000e-07	-6.351440e-09	-2.114442e-09	-3.444419e+01	-5.415277e+02
5.400000e-07	-6.324001e-09	-2.118905e-09	-3.429538e+01	-5.406044e+02
5.500000e-07	-6.296267e-09	-2.110643e-09	-3.414498e+01	-5.396701e+02
5.600000e-07	-6.268228e-09	-2.102176e-09	-3.399292e+01	-5.387260e+02
5.700000e-07	-6.239769e-09	-2.103427e-09	-3.383859e+01	-5.377720e+02
5.800000e-07	-6.210854e-09	-2.100274e-09	-3.368178e+01	-5.368067e+02
5.900000e-07	-6.181518e-09	-2.093518e-09	-3.352269e+01	-5.358275e+02
6.000000e-07	-6.151784e-09	-2.090402e-09	-3.336144e+01	-5.348313e+02
6.100000e-07	-6.121663e-09	-2.086584e-09	-3.319809e+01	-5.338145e+02
6.200000e-07	-6.091078e-09	-2.082883e-09	-3.303223e+01	-5.327736e+02
6.300000e-07	-6.060070e-09	-2.080186e-09	-3.286407e+01	-5.317056e+02
6.400000e-07	-6.028731e-09	-2.074434e-09	-3.269412e+01	-5.306080e+02
6.500000e-07	-5.997108e-09	-2.068032e-09	-3.252263e+01	-5.294796e+02
6.600000e-07	-5.965171e-09	-2.063695e-09	-3.234942e+01	-5.283198e+02
6.700000e-07	-5.932772e-09	-2.059452e-09	-3.217372e+01	-5.271295e+02
6.800000e-07	-5.899750e-09	-2.055361e-09	-3.199465e+01	-5.259101e+02
6.900000e-07	-5.866043e-09	-2.050292e-09	-3.181186e+01	-5.246640e+02
7.000000e-07	-5.831701e-09	-2.043186e-09	-3.162561e+01	-5.233939e+02
7.100000e-07	-5.796784e-09	-2.038663e-09	-3.143626e+01	-5.221026e+02
7.200000e-07	-5.761430e-09	-2.036646e-09	-3.124453e+01	-5.207927e+02
7.300000e-07	-5.725798e-09	-2.032117e-09	-3.105130e+01	-5.194663e+02
7.400000e-07	-5.689919e-09	-2.025422e-09	-3.085672e+01	-5.181246e+02
7.500000e-07	-5.653746e-09	-2.019339e-09	-3.066055e+01	-5.167682e+02
7.600000e-07	-5.617179e-09	-2.014369e-09	-3.046225e+01	-5.153965e+02
7.700000e-07	-5.580149e-09	-2.010688e-09	-3.026143e+01	-5.140081e+02
7.800000e-07	-5.542699e-09	-2.005900e-09	-3.005834e+01	-5.126008e+02
7.900000e-07	-5.504849e-09	-1.999129e-09	-2.985308e+01	-5.111716e+02
8.000000e-07	-5.466598e-09	-1.993472e-09	-2.964564e+01	-5.097175e+02
8.100000e-07	-5.427976e-09	-1.989197e-09	-2.943619e+01	-5.082353e+02
8.200000e-07	-5.388957e-09	-1.983584e-09	-2.922459e+01	-5.067219e+02
8.300000e-07	-5.349593e-09	-1.977378e-09	-2.901111e+01	-5.051749e+02
8.400000e-07	-5.309996e-09	-1.971093e-09	-2.879638e+01	-5.035925e+02
8.500000e-07	-5.270154e-09	-1.964475e-09	-2.858031e+01	-5.019735e+02
8.600000e-07	-5.229980e-09	-1.959160e-09	-2.836244e+01	-5.003176e+02
8.700000e-07	-5.189387e-09	-1.954634e-09	-2.814231e+01	-4.986254e+02
8.800000e-07	-5.148299e-09	-1.947552e-09	-2.791949e+01	-4.968981e+02
8.900000e-07	-5.106674e-09	-1.938796e-09	-2.769375e+01	-4.951374e+02
9.000000e-07	-5.064567e-09	-1.931595e-09	-2.746540e+01	-4.933452e+02
9.100000e-07	-5.021955e-09	-1.925287e-09	-2.723432e+01	-4.915237e+02
9.200000e-07	-4.978863e-09	-1.918459e-09	-2.700063e+01	-4.896749e+02
9.300000e-07	-4.935406e-09	-1.912099e-09	-2.676496e+01	-4.878003e+02
9.400000e-07	-4.891646e-09	-1.906064e-09	-2.652764e+01	-4.859014e+02
9.500000e-07	-4.847624e-09	-1.899070e-09	-2.628891e+01	-4.839790e+02
9.600000e-07	-4.803318e-09	-1.891407e-09	-2.604864e+01	-4.820333e+02
9.700000e-07	-4.758663e-09	-1.883266e-09	-2.580647e+01	-4.800643e+02
9.800000e-07	-4.713642e-09	-1.873960e-09	-2.556232e+01	-4.780716e+02
9.900000e-07	-4.668273e-09	-1.864423e-09	-2.531628e+01	-4.760544e+02
1.000000e-06	-4.622606e-09	-1.856618e-09	-2.506863e+01	-4.740120e+02
1.010000e-06	-4.576655e-09	-1.849887e-09	-2.481943e+01	-4.719437e+02
1.020000e-06	-4.530369e-09	-1.842648e-09	-2.456842e+01	-4.698491e+02
1.030000e-06	-4.483742e-09	-1.834573e-09	-2.431556e+01	-4.677279e+02
1.040000e-06	-4.436838e-09	-1.825877e-09	-2.406120e+01	-4.655801e+02
1.050000e-06	-4.389622e-09	-1.816643e-09	-2.380514e+01	-4.634063e+02
1.060000e-06	-4.342114e-09	-1.807257e-09	-2.354750e+01	-4.612070e+02
1.070000e-06	-4.294375e-09	-1.798021e-09	-2.328861e+01	-4.589831e+02
1.080000e-06	-4.246373e-09	-1.789164e-09	-2.302830e+01	-4.567356e+02
1.090000e-06	-4.198044e-09	-1.780598e-09	-2.276620e+01	-4.544652e+02
1.100000e-06	-4.149355e-09	-1.772396e-09	-2.250216e+01	-4.521729e+02
1.110000e-06	-4.100257e-09	-1.764189e-09	-2.223590e+01	-4.498590e+02
1.120000e-06	-4.050644e-09	-1.755135e-09	-2.196685e+01	-4.475238e+02
1.130000e-06	-4.000601e-09	-1.745187e-09	-2.169547e+01	-4.451669e+02
1.140000e-06	-3.950133e-09	-1.734994e-09	-2.142178e+01	-4.427878e+02
1.150000e-06	-3.899244e-09	-1.725069e-09	-2.114581e+01	-4.403856e+02
1.160000e-06	-3.848034e-09	-1.715486e-09	-2.086809e+01	-4.379590e+02
1.170000e-06	-3.796539e-09	-1.705944e-09	-2.058884e+01	-4.355066e+02
1.180000e-06	-3.744790e-09	-1.696482e-09	-2.030820e+01	-4.330270e+02
1.190000e-06	-3.692761e-09	-1.686986e-09	-2.002604e+01	-4.305185e+02
1.200000e-06	-3.640413e-09	-1.676879e-09	-1.974216e+01	-4.279798e+02
1.210000e-06	-3.587787e-09	-1.666317e-09	-1.945676e+01	-4.254095e+02
1.220000e-06	-3.534897e-09	-1.656070e-09	-1.916993e+01	-4.228065e+02
1.230000e-06	-3.481753e-09	-1.645958e-09	-1.888173e+01	-4.201698e+02
1.240000e-06	-3.428390e-09	-1.635331e-09	-1.859234e+01	-4.174987e+02
1.250000e-06	-3.374776e-09	-1.624691e-09	-1.830159e+01	-4.147922e+02
1.260000e-06	-3.320933e-09	-1.614135e-09	-1.800960e+01	-4.120498e+02
1.270000e-06	-3.266891e-09	-1.602741e-09	-1.771652e+01	-4.092705e+02
1.280000e-06	-3.212649e-09	-1.591070e-09	-1.742237e+01	-4.064536e+02
1.290000e-06	-3.158185e-09	-1.580142e-09	-1.712701e+01	-4.035980e+02
1.300000e-06	-3.103486e-09	-1.569249e-09	-1.683037e+01	-4.007025e+02
1.310000e-06	-3.048540e-09	-1.557748e-09	-1.653240e+01	-3.977657e+02
1.320000e-06	-2.993361e-09	-1.546226e-09	-1.623316e+01	-3.947860e+02
1.330000e-06	-2.938035e-09	-1.534632e-09	-1.593312e+01	-3.917619e+02
1.340000e-06	-2.882553e-09	-1.522302e-09	-1.563223e+01	-3.886917e+02
1.350000e-06	-2.826900e-09	-1.510029e-09	-1.533042e+01	-3.855738e+02
1.360000e-06	-2.771167e-09	-1.498085e-09	-1.502818e+01	-3.824066e+02
1.370000e-06	-2.715342e-09	-1.485585e-09	-1.472544e+01	-3.791889e+02
1.380000e-06	-2.659388e-09	-1.472735e-09	-1.442200e+01	-3.759194e+02
1.390000e-06	-2.603304e-09	-1.460134e-09	-1.411785e+01	-3.725973e+02
1.400000e-06	-2.547043e-09	-1.447304e-09	-1.381274e+01	-3.692216e+02
1.410000e-06	-2.490568e-09	-1.434011e-09	-1.350648e+01	-3.657917e+02
1.420000e-06	-2.433863e-09	-1.420630e-09	-1.319896e+01	-3.623068e+02
1.430000e-06	-2.376934e-09	-1.406968e-09	-1.289024e+01	-3.587663e+02
1.440000e-06	-2.319758e-09	-1.392805e-09	-1.258017e+01	-3.551690e+02
1.450000e-06	-2.262253e-09	-1.378667e-09	-1.226832e+01	-3.515139e+02
1.460000e-06	-2.204382e-09	-1.364858e-09	-1.195449e+01	-3.477993e+02
1.470000e-06	-2.146200e-09	-1.351062e-09	-1.163896e+01	-3.440235e+02
1.480000e-06	-2.087785e-09	-1.336802e-09	-1.132218e+01	-3.401843e+02
1.490000e-06	-2.029131e-09	-1.321870e-09	-1.100410e+01	-3.362793e+02
1.500000e-06	-1.970270e-09	-1.306289e-09	-1.068489e+01	-3.323060e+02
1.510000e-06	-1.911240e-09	-1.290671e-09	-1.036477e+01	-3.282616e+02
1.520000e-06	-1.852057e-09	-1.274946e-09	-1.004381e+01	-3.241437e+02
1.530000e-06	-1.792759e-09	-1.258689e-09	-9.722240e+00	-3.199501e+02
1.540000e-06	-1.733379e-09	-1.242335e-09	-9.400219e+00	-3.156789e+02
1.550000e-06	-1.673914e-09	-1.226142e-09	-9.077738e+00	-3.113286e+02
1.560000e-06	-1.614365e-09	-1.209419e-09	-8.754798e+00	-3.068984e+02
1.570000e-06	-1.554762e-09	-1.191621e-09	-8.431563e+00	-3.023878e+02
1.580000e-06	-1.495087e-09	-1.173434e-09	-8.107941e+00	-2.977969e+02
1.590000e-06	-1.435344e-09	-1.155207e-09	-7.783955e+00	-2.931260e+02
1.600000e-06	-1.375548e-09	-1.136667e-09	-7.459676e+00	-2.883755e+02
1.610000e-06	-1.315702e-09	-1.117780e-09	-7.135128e+00	-2.835458e+02
1.620000e-06	-1.255792e-09	-1.098840e-09	-6.810232e+00	-2.786370e+02
1.630000e-06	-1.195780e-09	-1.079785e-09	-6.484780e+00	-2.736487e+02
1.640000e-06	-1.135698e-09	-1.060364e-09	-6.158952e+00	-2.685796e+02
1.650000e-06	-1.075578e-09	-1.040305e-09	-5.832921e+00	-2.634279e+02
1.660000e-06	-1.015400e-09	-1.019522e-09	-5.506572e+00	-2.581907e+02
1.670000e-06	-9.551783e-10	-9.981741e-10	-5.179985e+00	-2.528641e+02
1.680000e-06	-8.949175e-10	-9.764123e-10	-4.853188e+00	-2.474436e+02
1.690000e-06	-8.345843e-10	-9.542191e-10	-4.525998e+00	-2.419241e+02
1.700000e-06	-7.741932e-10	-9.313774e-10	-4.198495e+00	-2.362999e+02
1.710000e-06	-7.137695e-10	-9.081449e-10	-3.870815e+00	-2.305654e+02
1.720000e-06	-6.532846e-10	-8.848300e-10	-3.542802e+00	-2.247150e+02
1.730000e-06	-5.926987e-10	-8.612446e-10	-3.214242e+00	-2.187437e+02
1.740000e-06	-5.320559e-10	-8.372686e-10	-2.885373e+00	-2.126472e+02
1.750000e-06	-4.713911e-10	-8.129599e-10	-2.556385e+00	-2.064225e+02
1.760000e-06	-4.106776e-10	-7.880326e-10	-2.227133e+00	-2.000675e+02
1.770000e-06	-3.499411e-10	-7.621059e-10	-1.897756e+00	-1.935813e+02
1.780000e-06	-2.891924e-10	-7.353647e-10	-1.568314e+00	-1.869647e+02
1.790000e-06	-2.284225e-10	-7.081199e-10	-1.238756e+00	-1.802192e+02
1.800000e-06	-1.676271e-10	-6.806726e-10	-9.090598e-01	-1.733476e+02
1.810000e-06	-1.068157e-10	-6.532329e-10	-5.792765e-01	-1.663536e+02
1.820000e-06	-4.601744e-11	-6.251543e-10	-2.495640e-01	-1.592414e+02
1.830000e-06	1.473469e-11	-5.958822e-10	7.989805e-02	-1.520156e+02
1.840000e-06	7.547920e-11	-5.661091e-10	4.093187e-01	-1.446810e+02
1.850000e-06	1.362323e-10	-5.364315e-10	7.387860e-01	-1.372424e+02
1.860000e-06	1.969724e-10	-5.063698e-10	1.068183e+00	-1.297044e+02
1.870000e-06	2.576987e-10	-4.757542e-10	1.397505e+00	-1.220712e+02
1.880000e-06	3.184246e-10	-4.448586e-10	1.726825e+00	-1.143471e+02
1.890000e-06	3.791702e-10	-4.136273e-10	2.056251e+00	-1.065359e+02
1.900000e-06	4.398833e-10	-3.820309e-10	2.385501e+00	-9.864147e+01
1.910000e-06	5.005311e-10	-3.502431e-10	2.714397e+00	-9.066771e+01
1.920000e-06	5.611154e-10	-3.182985e-10	3.042948e+00	-8.261864e+01
1.930000e-06	6.216388e-10	-2.860100e-10	3.371170e+00	-7.449858e+01
1.940000e-06	6.820762e-10	-2.534793e-10	3.698926e+00	-6.631225e+01
1.950000e-06	7.424683e-10	-2.211587e-10	4.026434e+00	-5.806481e+01
1.960000e-06	8.028530e-10	-1.887799e-10	4.353904e+00	-4.976183e+01
1.970000e-06	8.631573e-10	-1.556421e-10	4.680937e+00	-4.140928e+01
1.980000e-06	9.233774e-10	-1.220083e-10	5.007514e+00	-3.301338e+01
1.990000e-06	9.835693e-10	-8.849725e-11	5.333938e+00	-2.458043e+01
2.000000e-06	1.043720e-09	-5.502023e-11	5.660138e+00	-1.611669e+01
2.010000e-06	1.103827e-09	-2.147211e-11	5.986102e+00	-7.628125e+00
2.020000e-06	1.163880e-09	1.219776e-11	6.311773e+00	8.797270e-01
2.030000e-06	1.223860e-09	4.621245e-11	6.637047e+00	9.401889e+00
2.040000e-06	1.283780e-09	8.005986e-11	6.962001e+00	1.793403e+01
2.050000e-06	1.343647e-09	1.133550e-10	7.286664e+00	2.647249e+01
2.060000e-06	1.403443e-09	1.466714e-10	7.610938e+00	3.501419e+01
2.070000e-06	1.463169e-09	1.804110e-10	7.934838e+00	4.355658e+01
2.080000e-06	1.522841e-09	2.140876e-10	8.258441e+00	5.209737e+01
2.090000e-06	1.582441e-09	2.473686e-10	8.581658e+00	6.063440e+01
2.100000e-06	1.641956e-09	2.804737e-10	8.904413e+00	6.916537e+01
2.110000e-06	1.701367e-09	3.135417e-10	9.226600e+00	7.768761e+01
2.120000e-06	1.760710e-09	3.471108e-10	9.548424e+00	8.619789e+01
2.130000e-06	1.819981e-09	3.811490e-10	9.869851e+00	9.469228e+01
2.140000e-06	1.879154e-09	4.146685e-10	1.019075e+01	1.031661e+02
2.150000e-06	1.938207e-09	4.475921e-10	1.051100e+01	1.116138e+02
2.160000e-06	1.997097e-09	4.806568e-10	1.083036e+01	1.200291e+02
2.170000e-06	2.055801e-09	5.139296e-10	1.114872e+01	1.284054e+02
2.180000e-06	2.114266e-09	5.468135e-10	1.146577e+01	1.367354e+02
2.190000e-06	2.172444e-09	5.791524e-10	1.178128e+01	1.450119e+02
2.200000e-06	2.230312e-09	6.113069e-10	1.209510e+01	1.532278e+02
2.210000e-06	2.287872e-09	6.434928e-10	1.240724e+01	1.613763e+02
2.220000e-06	2.345190e-09	6.755087e-10	1.271808e+01	1.694512e+02
2.230000e-06	2.402244e-09	7.072300e-10	1.302748e+01	1.774472e+02
2.240000e-06	2.459000e-09	7.384658e-10	1.333527e+01	1.853597e+02
2.250000e-06	2.515525e-09	7.688061e-10	1.364181e+01	1.931849e+02
2.260000e-06	2.571840e-09	7.985974e-10	1.394721e+01	2.009199e+02
2.270000e-06	2.627961e-09	8.284012e-10	1.425155e+01	2.085624e+02
2.280000e-06	2.683925e-09	8.581851e-10	1.455505e+01	2.161106e+02
2.290000e-06	2.739749e-09	8.875851e-10	1.485778e+01	2.235627e+02
2.300000e-06	2.795448e-09	9.164786e-10	1.515984e+01	2.309173e+02
2.310000e-06	2.851041e-09	9.452446e-10	1.546133e+01	2.381725e+02
2.320000e-06	2.906484e-09	9.740077e-10	1.576200e+01	2.453261e+02
2.330000e-06	2.961722e-09	1.002607e-09	1.606156e+01	2.523757e+02
2.340000e-06	3.016760e-09	1.030591e-09	1.636003e+01	2.593180e+02
2.350000e-06	3.071605e-09	1.057409e-09	1.665746e+01	2.661496e+02
2.360000e-06	3.126245e-09	1.083224e-09	1.695378e+01	2.728665e+02
2.370000e-06	3.180671e-09	1.108619e-09	1.724893e+01	2.794647e+02
2.380000e-06	3.234867e-09	1.134176e-09	1.754284e+01	2.859402e+02
2.390000e-06	3.288854e-09	1.159555e-09	1.783562e+01	2.922892e+02
2.400000e-06	3.342669e-09	1.184159e-09	1.812746e+01	2.985084e+02
2.410000e-06	3.396307e-09	1.208393e-09	1.841834e+01	3.045953e+02
2.420000e-06	3.449721e-09	1.232218e-09	1.870800e+01	3.105481e+02
2.430000e-06	3.502842e-09	1.255113e-09	1.899608e+01	3.163661e+02
2.440000e-06	3.555691e-09	1.277357e-09	1.928269e+01	3.220494e+02
2.450000e-06	3.608271e-09	1.299141e-09	1.956783e+01	3.275991e+02
2.460000e-06	3.660556e-09	1.320321e-09	1.985137e+01	3.330168e+02
2.470000e-06	3.712567e-09	1.341461e-09	2.013343e+01	3.383049e+02
2.480000e-06	3.764300e-09	1.362662e-09	2.041398e+01	3.434662e+02
2.490000e-06	3.815741e-09	1.383019e-09	2.069295e+01	3.485035e+02
2.500000e-06	3.866855e-09	1.402465e-09	2.097014e+01	3.534196e+02
2.510000e-06	3.917592e-09	1.421591e-09	2.124529e+01	3.582169e+02
2.520000e-06	3.967880e-09	1.440298e-09	2.151800e+01	3.628977e+02
2.530000e-06	4.017688e-09	1.458337e-09	2.178811e+01	3.674635e+02
2.540000e-06	4.067048e-09	1.475629e-09	2.205579e+01	3.719156e+02
2.550000e-06	4.115959e-09	1.492083e-09	2.232104e+01	3.762549e+02
2.560000e-06	4.164466e-09	1.508256e-09	2.258409e+01	3.804820e+02
2.570000e-06	4.212652e-09	1.524732e-09	2.284541e+01	3.845975e+02
2.580000e-06	4.260556e-09	1.540858e-09	2.310519e+01	3.886019e+02
2.590000e-06	4.308240e-09	1.556024e-09	2.336379e+01	3.924962e+02
2.600000e-06	4.355715e-09	1.570553e-09	2.362125e+01	3.962818e+02
2.610000e-06	4.402913e-09	1.584799e-09	2.387721e+01	3.999609e+02
2.620000e-06	4.449789e-09	1.598583e-09	2.413142e+01	4.035361e+02
2.630000e-06	4.496318e-09	1.611714e-09	2.438374e+01	4.070109e+02
2.640000e-06	4.542489e-09	1.624517e-09	2.463413e+01	4.103895e+02
2.650000e-06	4.588382e-09	1.637265e-09	2.488301e+01	4.136766e+02
2.660000e-06	4.634024e-09	1.650196e-09	2.513053e+01	4.168772e+02
2.670000e-06	4.679371e-09	1.663148e-09	2.537645e+01	4.199969e+02
2.680000e-06	4.724376e-09	1.675096e-09	2.562051e+01	4.230409e+02
2.690000e-06	4.769004e-09	1.685987e-09	2.586254e+01	4.260144e+02
2.700000e-06	4.813308e-09	1.696918e-09	2.610280e+01	4.289225e+02
2.710000e-06	4.857366e-09	1.707930e-09	2.634173e+01	4.317695e+02
2.720000e-06	4.901203e-09	1.718496e-09	2.657946e+01	4.345593e+02
2.730000e-06	4.944828e-09	1.728868e-09	2.681604e+01	4.372952e+02
2.740000e-06	4.988236e-09	1.739274e-09	2.705144e+01	4.399798e+02
2.750000e-06	5.031343e-09	1.749675e-09	2.728521e+01	4.426153e+02
2.760000e-06	5.073997e-09	1.760082e-09	2.751653e+01	4.452035e+02
2.770000e-06	5.116037e-09	1.770230e-09	2.774451e+01	4.477459e+02
2.780000e-06	5.157402e-09	1.779607e-09	2.796884e+01	4.502436e+02
2.790000e-06	5.198149e-09	1.788297e-09	2.818981e+01	4.526979e+02
2.800000e-06	5.238431e-09	1.797019e-09	2.840826e+01	4.551101e+02
2.810000e-06	5.278393e-09	1.806259e-09	2.862498e+01	4.574814e+02
2.820000e-06	5.318110e-09	1.815846e-09	2.884036e+01	4.598133e+02
2.830000e-06	5.357609e-09	1.825158e-09	2.905457e+01	4.621072e+02
2.840000e-06	5.396860e-09	1.833910e-09	2.926743e+01	4.643647e+02
2.850000e-06	5.435755e-09	1.842403e-09	2.947836e+01	4.665873e+02
2.860000e-06	5.474252e-09	1.850744e-09	2.968713e+01	4.687762e+02
2.870000e-06	5.512328e-09	1.858576e-09	2.989362e+01	4.709326e+02
2.880000e-06	5.549968e-09	1.866264e-09	3.009774e+01	4.730574e+02
2.890000e-06	5.587196e-09	1.874400e-09	3.029963e+01	4.751511e+02
2.900000e-06	5.624009e-09	1.882915e-09	3.049928e+01	4.772138e+02
2.910000e-06	5.660415e-09	1.891362e-09	3.069670e+01	4.792455e+02
2.920000e-06	5.696454e-09	1.899217e-09	3.089215e+01	4.812456e+02
2.930000e-06	5.732236e-09	1.906503e-09	3.108620e+01	4.832137e+02
2.940000e-06	5.767803e-09	1.913664e-09	3.127908e+01	4.851490e+02
2.950000e-06	5.803095e-09	1.921012e-09	3.147047e+01	4.870510e+02
2.960000e-06	5.837984e-09	1.928370e-09	3.165967e+01	4.889192e+02
2.970000e-06	5.872282e-09	1.935449e-09	3.184567e+01	4.907534e+02
2.980000e-06	5.905851e-09	1.942609e-09	3.202772e+01	4.925537e+02
2.990000e-06	5.938754e-09	1.950063e-09	3.220615e+01	4.943206e+02
3.000000e-06	5.971110e-09	1.957541e-09	3.238162e+01	4.960547e+02
3.010000e-06	6.003055e-09	1.965027e-09	3.255486e+01	4.977571e+02
3.020000e-06	6.034728e-09	1.972213e-09	3.272662e+01	4.994290e+02
3.030000e-06	6.066106e-09	1.978665e-09	3.289679e+01	5.010716e+02
3.040000e-06	6.097076e-09	1.984791e-09	3.306474e+01	5.026864e+02
3.050000e-06	6.127583e-09	1.991026e-09	3.323018e+01	5.042742e+02
3.060000e-06	6.157667e-09	1.997268e-09	3.339333e+01	5.058360e+02
3.070000e-06	6.187325e-09	2.003647e-09	3.355417e+01	5.073725e+02
3.080000e-06	6.216564e-09	2.010454e-09	3.371273e+01	5.088837e+02
3.090000e-06	6.245361e-09	2.017402e-09	3.386890e+01	5.103696e+02
3.100000e-06	6.273707e-09	2.023774e-09	3.402262e+01	5.118298e+02
3.110000e-06	6.301710e-09	2.029394e-09	3.417448e+01	5.132637e+02
3.120000e-06	6.329457e-09	2.034615e-09	3.432496e+01	5.146706e+02
3.130000e-06	6.356932e-09	2.039812e-09	3.447396e+01	5.160499e+02
3.140000e-06	6.383998e-09	2.045266e-09	3.462074e+01	5.174010e+02
3.150000e-06	6.410456e-09	2.050925e-09	3.476422e+01	5.187233e+02
3.160000e-06	6.436132e-09	2.056678e-09	3.490346e+01	5.200169e+02
3.170000e-06	6.461079e-09	2.062656e-09	3.503875e+01	5.212818e+02
3.180000e-06	6.485428e-09	2.068427e-09	3.517080e+01	5.225184e+02
3.190000e-06	6.509317e-09	2.073670e-09	3.530035e+01	5.237273e+02
3.200000e-06	6.532860e-09	2.078686e-09	3.542802e+01	5.249091e+02
3.210000e-06	6.555974e-09	2.083472e-09	3.555337e+01	5.260646e+02
3.220000e-06	6.578594e-09	2.087898e-09	3.567604e+01	5.271945e+02
3.230000e-06	6.600763e-09	2.092564e-09	3.579627e+01	5.282991e+02
3.240000e-06	6.622525e-09	2.097441e-09	3.591428e+01	5.293786e+02
3.250000e-06	6.643869e-09	2.101803e-09	3.603004e+01	5.304329e+02
3.260000e-06	6.664741e-09	2.105660e-09	3.614323e+01	5.314616e+02
3.270000e-06	6.685145e-09	2.109305e-09	3.625388e+01	5.324640e+02
3.280000e-06	6.705152e-09	2.113067e-09	3.636237e+01	5.334393e+02
3.290000e-06	6.724855e-09	2.117099e-09	3.646922e+01	5.343866e+02
3.300000e-06	6.744251e-09	2.121059e-09	3.657441e+01	5.353052e+02
3.310000e-06	6.763209e-09	2.124623e-09	3.667722e+01	5.361946e+02
3.320000e-06	6.781580e-09	2.127909e-09	3.677685e+01	5.370546e+02
3.330000e-06	6.799386e-09	2.131045e-09	3.687341e+01	5.378856e+02
3.340000e-06	6.816698e-09	2.133974e-09	3.696730e+01	5.386887e+02
3.350000e-06	6.833582e-09	2.136572e-09	3.705886e+01	5.394651e+02
3.360000e-06	6.850075e-09	2.139311e-09	3.714830e+01	5.402170e+02
3.370000e-06	6.866091e-09	2.142588e-09	3.723516e+01	5.409466e+02
3.380000e-06	6.881517e-09	2.145793e-09	3.731882e+01	5.416564e+02
3.390000e-06	6.896291e-09	2.148672e-09	3.739893e+01	5.423490e+02
3.400000e-06	6.910456e-09	2.151517e-09	3.747575e+01	5.430265e+02
3.410000e-06	6.924111e-09	2.154111e-09	3.754981e+01	5.436910e+02
3.420000e-06	6.937280e-09	2.156161e-09	3.762122e+01	5.443435e+02
3.430000e-06	6.949890e-09	2.157892e-09	3.768960e+01	5.449846e+02
3.440000e-06	6.961967e-09	2.159597e-09	3.775510e+01	5.456142e+02
3.450000e-06	6.973582e-09	2.161526e-09	3.781809e+01	5.462310e+02
3.460000e-06	6.984680e-09	2.163982e-09	3.787827e+01	5.468335e+02
3.470000e-06	6.995078e-09	2.166767e-09	3.793466e+01	5.474196e+02
3.480000e-06	7.004682e-09	2.169265e-09	3.798674e+01	5.479866e+02
3.490000e-06	7.013550e-09	2.171386e-09	3.803483e+01	5.485321e+02
3.500000e-06	7.021829e-09	2.173334e-09	3.807973e+01	5.490539e+02
3.510000e-06	7.029697e-09	2.174809e-09	3.812240e+01	5.495501e+02
3.520000e-06	7.037215e-09	2.175878e-09	3.816317e+01	5.500195e+02
3.530000e-06	7.044337e-09	2.177139e-09	3.820179e+01	5.504618e+02
3.540000e-06	7.050976e-09	2.178709e-09	3.823780e+01	5.508773e+02
3.550000e-06	7.057089e-09	2.180346e-09	3.827095e+01	5.512673e+02
3.560000e-06	7.062672e-09	2.182017e-09	3.830123e+01	5.516334e+02
3.570000e-06	7.067759e-09	2.183667e-09	3.832882e+01	5.519780e+02
3.580000e-06	7.072337e-09	2.184986e-09	3.835364e+01	5.523033e+02
3.590000e-06	7.076461e-09	2.186008e-09	3.837600e+01	5.526115e+02
3.600000e-06	7.080280e-09	2.186898e-09	3.839671e+01	5.529045e+02
3.610000e-06	7.083790e-09	2.187628e-09	3.841575e+01	5.531834e+02
3.620000e-06	7.086845e-09	2.188212e-09	3.843232e+01	5.534486e+02
3.630000e-06	7.089220e-09	2.188735e-09	3.844520e+01	5.536996e+02
3.640000e-06	7.090816e-09	2.189313e-09	3.845386e+01	5.539349e+02
3.650000e-06	7.091669e-09	2.190121e-09	3.845848e+01	5.541525e+02
3.660000e-06	7.091934e-09	2.191367e-09	3.845992e+01	5.543498e+02
3.670000e-06	7.091804e-09	2.192396e-09	3.845921e+01	5.545237e+02
3.680000e-06	7.091332e-09	2.192630e-09	3.845666e+01	5.546717e+02
3.690000e-06	7.090413e-09	2.192751e-09	3.845168e+01	5.547915e+02
3.700000e-06	7.088965e-09	2.193220e-09	3.844382e+01	5.548818e+02
3.710000e-06	7.087049e-09	2.193703e-09	3.843343e+01	5.549424e+02
3.720000e-06	7.084719e-09	2.193236e-09	3.842079e+01	5.549743e+02
3.730000e-06	7.081957e-09	2.189417e-09	3.840582e+01	5.549800e+02
3.740000e-06	7.078713e-09	2.186599e-09	3.838822e+01	5.549633e+02
3.750000e-06	7.074968e-09	2.202841e-09	3.836791e+01	5.549291e+02
3.760000e-06	7.070644e-09	2.227032e-09	3.834447e+01	5.548833e+02
3.770000e-06	7.065504e-09	2.205428e-09	3.831659e+01	5.548321e+02
3.780000e-06	7.059577e-09	2.158844e-09	3.828445e+01	5.547816e+02
3.790000e-06	7.053343e-09	2.177014e-09	3.825064e+01	5.547376e+02
3.800000e-06	7.046950e-09	2.227000e-09	3.821597e+01	5.547049e+02
3.810000e-06	7.040034e-09	2.208059e-09	3.817847e+01	5.546868e+02
3.820000e-06	7.032422e-09	2.151688e-09	3.813719e+01	5.546852e+02
3.830000e-06	7.024298e-09	2.167621e-09	3.809313e+01	5.547003e+02
3.840000e-06	7.015861e-09	2.224737e-09	3.804738e+01	5.547304e+02
3.850000e-06	7.006970e-09	2.204500e-09	3.799916e+01	5.547721e+02
3.860000e-06	6.997433e-09	2.145673e-09	3.794744e+01	5.548209e+02
3.870000e-06	6.987400e-09	2.165555e-09	3.789303e+01	5.548714e+02
3.880000e-06	6.977028e-09	2.217659e-09	3.783678e+01	5.549173e+02
3.890000e-06	6.966198e-09	2.188218e-09	3.777805e+01	5.549528e+02
3.900000e-06	6.954764e-09	2.144592e-09	3.771605e+01	5.549723e+02
3.910000e-06	6.942827e-09	2.185149e-09	3.765131e+01	5.549711e+02
3.920000e-06	6.930336e-09	2.220228e-09	3.758357e+01	5.549456e+02
3.930000e-06	6.917057e-09	2.173102e-09	3.751156e+01	5.548937e+02
3.940000e-06	6.902939e-09	2.149026e-09	3.743500e+01	5.548145e+02
3.950000e-06	6.888218e-09	2.197803e-09	3.735517e+01	5.547085e+02
3.960000e-06	6.872938e-09	2.203894e-09	3.727231e+01	5.545772e+02
3.970000e-06	6.857062e-09	2.155408e-09	3.718621e+01	5.544225e+02
3.980000e-06	6.840784e-09	2.167880e-09	3.709793e+01	5.542471e+02
3.990000e-06	6.824165e-09	2.201945e-09	3.700781e+01	5.540529e+02
4.000000e-06	6.807092e-09	2.163710e-09	3.691522e+01	5.538417e+02
4.010000e-06	6.789502e-09	2.139429e-09	3.681983e+01	5.536142e+02
4.020000e-06	6.771466e-09	2.186940e-09	3.672202e+01	5.533699e+02
4.030000e-06	6.752954e-09	2.194946e-09	3.662163e+01	5.531071e+02
4.040000e-06	6.733946e-09	2.145749e-09	3.651854e+01	5.528228e+02
4.050000e-06	6.714479e-09	2.154486e-09	3.641297e+01	5.525129e+02
4.060000e-06	6.694623e-09	2.187757e-09	3.630529e+01	5.521726e+02
4.070000e-06	6.674430e-09	2.154498e-09	3.619578e+01	5.517967e+02
4.080000e-06	6.653907e-09	2.137015e-09	3.608449e+01	5.513801e+02
4.090000e-06	6.632966e-09	2.177648e-09	3.597092e+01	5.509179e+02
4.100000e-06	6.611336e-09	2.172619e-09	3.585362e+01	5.504067e+02
4.110000e-06	6.588897e-09	2.139750e-09	3.573194e+01	5.498438e+02
4.120000e-06	6.565750e-09	2.164820e-09	3.560641e+01	5.492284e+02
4.130000e-06	6.542000e-09	2.177090e-09	3.547762e+01	5.485613e+02
4.140000e-06	6.517865e-09	2.137187e-09	3.534673e+01	5.478449e+02
4.150000e-06	6.493438e-09	2.135609e-09	3.521426e+01	5.470829e+02
4.160000e-06	6.468598e-09	2.158521e-09	3.507955e+01	5.462803e+02
4.170000e-06	6.443281e-09	2.138993e-09	3.494225e+01	5.454427e+02
4.180000e-06	6.417537e-09	2.124160e-09	3.480265e+01	5.445762e+02
4.190000e-06	6.391360e-09	2.135579e-09	3.466068e+01	5.436864e+02
4.200000e-06	6.364708e-09	2.128086e-09	3.451615e+01	5.427785e+02
4.210000e-06	6.337546e-09	2.119234e-09	3.436885e+01	5.418566e+02
4.220000e-06	6.309892e-09	2.127275e-09	3.421888e+01	5.409236e+02
4.230000e-06	6.281887e-09	2.121114e-09	3.406701e+01	5.399809e+02
4.240000e-06	6.253615e-09	2.108908e-09	3.391369e+01	5.390284e+02
4.250000e-06	6.225033e-09	2.108005e-09	3.375868e+01	5.380649e+02
4.260000e-06	6.196038e-09	2.103438e-09	3.360144e+01	5.370878e+02
4.270000e-06	6.166455e-09	2.099303e-09	3.344101e+01	5.360941e+02
4.280000e-06	6.136143e-09	2.100082e-09	3.327663e+01	5.350800e+02
4.290000e-06	6.105152e-09	2.091453e-09	3.310857e+01	5.340422e+02
4.300000e-06	6.073608e-09	2.084819e-09	3.293751e+01	5.329775e+02
4.310000e-06	6.041629e-09	2.087180e-09	3.276408e+01	5.318834e+02
4.320000e-06	6.009294e-09	2.080941e-09	3.258873e+01	5.307584e+02
4.330000e-06	5.976649e-09	2.071518e-09	3.241169e+01	5.296021e+02
4.340000e-06	5.943628e-09	2.069861e-09	3.223261e+01	5.284150e+02
4.350000e-06	5.910151e-09	2.065245e-09	3.205107e+01	5.271986e+02
4.360000e-06	5.876248e-09	2.059857e-09	3.186721e+01	5.259553e+02
4.370000e-06	5.841947e-09	2.059229e-09	3.168120e+01	5.246876e+02
4.380000e-06	5.807278e-09	2.052599e-09	3.149318e+01	5.233985e+02
4.390000e-06	5.772211e-09	2.042427e-09	3.130301e+01	5.220906e+02
4.400000e-06	5.736742e-09	2.038773e-09	3.111066e+01	5.207660e+02
4.410000e-06	5.700927e-09	2.035637e-09	3.091644e+01	5.194261e+02
4.420000e-06	5.664813e-09	2.028939e-09	3.072059e+01	5.180716e+02
4.430000e-06	5.628422e-09	2.022439e-09	3.052324e+01	5.167019e+02
4.440000e-06	5.591664e-09	2.016704e-09	3.032389e+01	5.153156e+02
4.450000e-06	5.554442e-09	2.012688e-09	3.012204e+01	5.139107e+02
4.460000e-06	5.516687e-09	2.008719e-09	2.991729e+01	5.124844e+02
4.470000e-06	5.478283e-09	2.001636e-09	2.970903e+01	5.110334e+02
4.480000e-06	5.439190e-09	1.994586e-09	2.949703e+01	5.095545e+02
4.490000e-06	5.399576e-09	1.988828e-09	2.928220e+01	5.080448e+02
4.500000e-06	5.359638e-09	1.981979e-09	2.906561e+01	5.065017e+02
4.510000e-06	5.319424e-09	1.976362e-09	2.884753e+01	5.049232e+02
4.520000e-06	5.278932e-09	1.971378e-09	2.862793e+01	5.033081e+02
4.530000e-06	5.238134e-09	1.963137e-09	2.840669e+01	5.016562e+02
4.540000e-06	5.196984e-09	1.954822e-09	2.818353e+01	4.999679e+02
4.550000e-06	5.155458e-09	1.950251e-09	2.795833e+01	4.982442e+02
4.560000e-06	5.113573e-09	1.944755e-09	2.773119e+01	4.964870e+02
4.570000e-06	5.071349e-09	1.935891e-09	2.750220e+01	4.946981e+02
4.580000e-06	5.028802e-09	1.927675e-09	2.727147e+01	4.928797e+02
4.590000e-06	4.985909e-09	1.920779e-09	2.703886e+01	4.910338e+02
4.600000e-06	4.942644e-09	1.912952e-09	2.680423e+01	4.891621e+02
4.610000e-06	4.899033e-09	1.905493e-09	2.656773e+01	4.872660e+02
4.620000e-06	4.855105e-09	1.899020e-09	2.632950e+01	4.853463e+02
4.630000e-06	4.810933e-09	1.891320e-09	2.608995e+01	4.834033e+02
4.640000e-06	4.766536e-09	1.882786e-09	2.584919e+01	4.814371e+02
4.650000e-06	4.721861e-09	1.875572e-09	2.560691e+01	4.794471e+02
4.660000e-06	4.676874e-09	1.868379e-09	2.536295e+01	4.774328e+02
4.670000e-06	4.631570e-09	1.859316e-09	2.511726e+01	4.753933e+02
4.680000e-06	4.585932e-09	1.849750e-09	2.486976e+01	4.733280e+02
4.690000e-06	4.539949e-09	1.841437e-09	2.462040e+01	4.712364e+02
4.700000e-06	4.493627e-09	1.833661e-09	2.436919e+01	4.691181e+02
4.710000e-06	4.446972e-09	1.825395e-09	2.411618e+01	4.669732e+02
4.720000e-06	4.399980e-09	1.816903e-09	2.386133e+01	4.648021e+02
4.730000e-06	4.352691e-09	1.808062e-09	2.360489e+01	4.626055e+02
4.740000e-06	4.305134e-09	1.798899e-09	2.334698e+01	4.603842e+02
4.750000e-06	4.257283e-09	1.789913e-09	2.308748e+01	4.581392e+02
4.760000e-06	4.209100e-09	1.780925e-09	2.282618e+01	4.558713e+02
4.770000e-06	4.160501e-09	1.771275e-09	2.256263e+01	4.535814e+02
4.780000e-06	4.111471e-09	1.761646e-09	2.229674e+01	4.512700e+02
4.790000e-06	4.062072e-09	1.752456e-09	2.202885e+01	4.489372e+02
4.800000e-06	4.012335e-09	1.743242e-09	2.175912e+01	4.465829e+02
4.810000e-06	3.962310e-09	1.734021e-09	2.148783e+01	4.442065e+02
4.820000e-06	3.912009e-09	1.724554e-09	2.121505e+01	4.418071e+02
4.830000e-06	3.861392e-09	1.714506e-09	2.094055e+01	4.393835e+02
4.840000e-06	3.810486e-09	1.704309e-09	2.066448e+01	4.369342e+02
4.850000e-06	3.759281e-09	1.694241e-09	2.038680e+01	4.344578e+02
4.860000e-06	3.707777e-09	1.683900e-09	2.010749e+01	4.319528e+02
4.870000e-06	3.655993e-09	1.673108e-09	1.982666e+01	4.294176e+02
4.880000e-06	3.603904e-09	1.662553e-09	1.954418e+01	4.268509e+02
4.890000e-06	3.551567e-09	1.652360e-09	1.926035e+01	4.242516e+02
4.900000e-06	3.499009e-09	1.642004e-09	1.897533e+01	4.216187e+02
4.910000e-06	3.446193e-09	1.631559e-09	1.868891e+01	4.189513e+02
4.920000e-06	3.393096e-09	1.620955e-09	1.840096e+01	4.162487e+02
4.930000e-06	3.339660e-09	1.609981e-09	1.811118e+01	4.135102e+02
4.940000e-06	3.285865e-09	1.599157e-09	1.781945e+01	4.107349e+02
4.950000e-06	3.231705e-09	1.588841e-09	1.752574e+01	4.079221e+02
4.960000e-06	3.177186e-09	1.578151e-09	1.723008e+01	4.050708e+02
4.970000e-06	3.122309e-09	1.566411e-09	1.693248e+01	4.021796e+02
4.980000e-06	3.067081e-09	1.554515e-09	1.663298e+01	3.992474e+02
4.990000e-06	3.011524e-09	1.543142e-09	1.633169e+01	3.962725e+02
5.000000e-06	2.955712e-09	1.531514e-09	1.602902e+01	3.932533e+02
5.010000e-06	2.899734e-09	1.518918e-09	1.572545e+01	3.901883e+02
5.020000e-06	2.843591e-09	1.505863e-09	1.542098e+01	3.870757e+02
5.030000e-06	2.787284e-09	1.493204e-09	1.511562e+01	3.839140e+02
5.040000e-06	2.730868e-09	1.481009e-09	1.480967e+01	3.807019e+02
5.050000e-06	2.674373e-09	1.468469e-09	1.450330e+01	3.774381e+02
5.060000e-06	2.617734e-09	1.454925e-09	1.419614e+01	3.741217e+02
5.070000e-06	2.560921e-09	1.440955e-09	1.388804e+01	3.707518e+02
5.080000e-06	2.503972e-09	1.427310e-09	1.357920e+01	3.673278e+02
5.090000e-06	2.446848e-09	1.414026e-09	1.326942e+01	3.638488e+02
5.100000e-06	2.389554e-09	1.400656e-09	1.295871e+01	3.603142e+02
5.110000e-06	2.332093e-09	1.386614e-09	1.264710e+01	3.567230e+02
5.120000e-06	2.274436e-09	1.371932e-09	1.233442e+01	3.530740e+02
5.130000e-06	2.216605e-09	1.357111e-09	1.202080e+01	3.493658e+02
5.140000e-06	2.158610e-09	1.342357e-09	1.170629e+01	3.455965e+02
5.150000e-06	2.100445e-09	1.327272e-09	1.139086e+01	3.417641e+02
5.160000e-06	2.042112e-09	1.311296e-09	1.107451e+01	3.378661e+02
5.170000e-06	1.983643e-09	1.294863e-09	1.075743e+01	3.339001e+02
5.180000e-06	1.925044e-09	1.278718e-09	1.043965e+01	3.298633e+02
5.190000e-06	1.866315e-09	1.262796e-09	1.012116e+01	3.257532e+02
5.200000e-06	1.807485e-09	1.246259e-09	9.802118e+00	3.215676e+02
5.210000e-06	1.748533e-09	1.228637e-09	9.482419e+00	3.173046e+02
5.220000e-06	1.689434e-09	1.210447e-09	9.161924e+00	3.129627e+02
5.230000e-06	1.630207e-09	1.192683e-09	8.840738e+00	3.085408e+02
5.240000e-06	1.570872e-09	1.175496e-09	8.518960e+00	3.040386e+02
5.250000e-06	1.511438e-09	1.157975e-09	8.196646e+00	2.994561e+02
5.260000e-06	1.451891e-09	1.139408e-09	7.873716e+00	2.947934e+02
5.270000e-06	1.392219e-09	1.120245e-09	7.550112e+00	2.900512e+02
5.280000e-06	1.332450e-09	1.101319e-09	7.225978e+00	2.852297e+02
5.290000e-06	1.272605e-09	1.082323e-09	6.901439e+00	2.803292e+02
5.300000e-06	1.212697e-09	1.062591e-09	6.576553e+00	2.753492e+02
5.310000e-06	1.152714e-09	1.042226e-09	6.251260e+00	2.702888e+02
5.320000e-06	1.092660e-09	1.021883e-09	5.925580e+00	2.651459e+02
5.330000e-06	1.032569e-09	1.001748e-09	5.599704e+00	2.599179e+02
5.340000e-06	9.724601e-10	9.812612e-10	5.273726e+00	2.546011e+02
5.350000e-06	9.122968e-10	9.601421e-10	4.947455e+00	2.491910e+02
5.360000e-06	8.520999e-10	9.384591e-10	4.621003e+00	2.436824e+02
5.370000e-06	7.918843e-10	9.160532e-10	4.294449e+00	2.380698e+02
5.380000e-06	7.316171e-10	8.930043e-10	3.967616e+00	2.323475e+02
5.390000e-06	6.713062e-10	8.697045e-10	3.640545e+00	2.265100e+02
5.400000e-06	6.109614e-10	8.462324e-10	3.313291e+00	2.205520e+02
5.410000e-06	5.505834e-10	8.224381e-10	2.985857e+00	2.144694e+02
5.420000e-06	4.901748e-10	7.984822e-10	2.658256e+00	2.082587e+02
5.430000e-06	4.297441e-10	7.744119e-10	2.330536e+00	2.019178e+02
5.440000e-06	3.692912e-10	7.496452e-10	2.002695e+00	1.954459e+02
5.450000e-06	3.088129e-10	7.236752e-10	1.674718e+00	1.888433e+02
5.460000e-06	2.483315e-10	6.964952e-10	1.346723e+00	1.821115e+02
5.470000e-06	1.878398e-10	6.687731e-10	1.018674e+00	1.752534e+02
5.480000e-06	1.273308e-10	6.415287e-10	6.905296e-01	1.682723e+02
5.490000e-06	6.684125e-11	6.144001e-10	3.624914e-01	1.611726e+02
5.500000e-06	6.368666e-12	5.865541e-10	3.454565e-02	1.539588e+02
5.510000e-06	-5.408339e-11	5.582377e-10	-2.932893e-01	1.466356e+02
5.520000e-06	-1.145536e-10	5.297817e-10	-6.212233e-01	1.392078e+02
5.530000e-06	-1.750635e-10	5.007137e-10	-9.493717e-01	1.316801e+02
5.540000e-06	-2.355764e-10	4.705615e-10	-1.277537e+00	1.240569e+02
5.550000e-06	-2.960586e-10	4.397063e-10	-1.605536e+00	1.163422e+02
5.560000e-06	-3.564978e-10	4.089291e-10	-1.933301e+00	1.085400e+02
5.570000e-06	-4.168925e-10	3.787652e-10	-2.260826e+00	1.006542e+02
5.580000e-06	-4.772456e-10	3.488092e-10	-2.588125e+00	9.268862e+01
5.590000e-06	-5.376057e-10	3.180847e-10	-2.915462e+00	8.464727e+01
5.600000e-06	-5.979700e-10	2.864402e-10	-3.242822e+00	7.653443e+01
5.610000e-06	-6.582907e-10	2.545769e-10	-3.569946e+00	6.835477e+01
5.620000e-06	-7.185677e-10	2.229587e-10	-3.896833e+00	6.011341e+01
5.630000e-06	-7.788116e-10	1.911245e-10	-4.223540e+00	5.181587e+01
5.640000e-06	-8.390081e-10	1.585795e-10	-4.549990e+00	4.346809e+01
5.650000e-06	-8.991351e-10	1.253721e-10	-4.876064e+00	3.507626e+01
5.660000e-06	-9.592270e-10	9.211886e-11	-5.201948e+00	2.664670e+01
5.670000e-06	-1.019302e-09	5.934194e-11	-5.527740e+00	1.818566e+01
5.680000e-06	-1.079291e-09	2.652128e-11	-5.853066e+00	9.699164e+00
5.690000e-06	-1.139245e-09	-6.838913e-12	-6.178196e+00	1.192801e+00
5.700000e-06	-1.199185e-09	-4.033389e-11	-6.503258e+00	-7.328379e+00
5.710000e-06	-1.259029e-09	-7.345210e-11	-6.827796e+00	-1.585997e+01
5.720000e-06	-1.318772e-09	-1.062934e-10	-7.151788e+00	-2.439823e+01
5.730000e-06	-1.378415e-09	-1.392973e-10	-7.475236e+00	-3.294002e+01
5.740000e-06	-1.437963e-09	-1.726596e-10	-7.798167e+00	-4.148273e+01
5.750000e-06	-1.497386e-09	-2.060237e-10	-8.120422e+00	-5.002404e+01
5.760000e-06	-1.556672e-09	-2.391636e-10	-8.441931e+00	-5.856178e+01
5.770000e-06	-1.615858e-09	-2.718974e-10	-8.762899e+00	-6.709366e+01
5.780000e-06	-1.674913e-09	-3.045565e-10	-9.083157e+00	-7.561706e+01
5.790000e-06	-1.733849e-09	-3.379638e-10	-9.402769e+00	-8.412881e+01
5.800000e-06	-1.792691e-09	-3.718454e-10	-9.721870e+00	-9.262505e+01
5.810000e-06	-1.851426e-09	-4.053702e-10	-1.004039e+01	-1.011012e+02
5.820000e-06	-1.910038e-09	-4.383170e-10	-1.035825e+01	-1.095517e+02
5.830000e-06	-1.968516e-09	-4.709485e-10	-1.067538e+01	-1.179705e+02
5.840000e-06	-2.026847e-09	-5.033655e-10	-1.099171e+01	-1.263509e+02
5.850000e-06	-2.085007e-09	-5.354300e-10	-1.130712e+01	-1.346858e+02
5.860000e-06	-2.142986e-09	-5.669982e-10	-1.162154e+01	-1.429678e+02
5.870000e-06	-2.200795e-09	-5.983730e-10	-1.193504e+01	-1.511899e+02
5.880000e-06	-2.258414e-09	-6.303003e-10	-1.224752e+01	-1.593453e+02
5.890000e-06	-2.315856e-09	-6.627011e-10	-1.255902e+01	-1.674277e+02
5.900000e-06	-2.373125e-09	-6.946791e-10	-1.286959e+01	-1.754317e+02
5.910000e-06	-2.430170e-09	-7.256623e-10	-1.317895e+01	-1.833526e+02
5.920000e-06	-2.487045e-09	-7.557799e-10	-1.348739e+01	-1.911866e+02
5.930000e-06	-2.543774e-09	-7.855048e-10	-1.379503e+01	-1.989306e+02
5.940000e-06	-2.600340e-09	-8.152108e-10	-1.410180e+01	-2.065824e+02
5.950000e-06	-2.656820e-09	-8.448012e-10	-1.440809e+01	-2.141400e+02
5.960000e-06	-2.713205e-09	-8.740010e-10	-1.471387e+01	-2.216017e+02
5.970000e-06	-2.769473e-09	-9.030135e-10	-1.501901e+01	-2.289660e+02
5.980000e-06	-2.825586e-09	-9.321107e-10	-1.532332e+01	-2.362311e+02
5.990000e-06	-2.881535e-09	-9.608609e-10	-1.562674e+01	-2.433949e+02
6.000000e-06	-2.937320e-09	-9.885691e-10	-1.592926e+01	-2.504548e+02
6.010000e-06	-2.992853e-09	-1.015180e-09	-1.623042e+01	-2.574078e+02
6.020000e-06	-3.048114e-09	-1.041347e-09	-1.653010e+01	-2.642503e+02
6.030000e-06	-3.103078e-09	-1.067681e-09	-1.682817e+01	-2.709786e+02
6.040000e-06	-3.157706e-09	-1.093943e-09	-1.712442e+01	-2.775885e+02
6.050000e-06	-3.211939e-09	-1.119961e-09	-1.741853e+01	-2.840760e+02
6.060000e-06	-3.265778e-09	-1.145609e-09	-1.771049e+01	-2.904374e+02
6.070000e-06	-3.319273e-09	-1.170673e-09	-1.800060e+01	-2.966693e+02
6.080000e-06	-3.372455e-09	-1.195069e-09	-1.828901e+01	-3.027690e+02
6.090000e-06	-3.425339e-09	-1.218720e-09	-1.857580e+01	-3.087348e+02
6.100000e-06	-3.477933e-09	-1.241320e-09	-1.886102e+01	-3.145659e+02
6.110000e-06	-3.530271e-09	-1.263048e-09	-1.914485e+01	-3.202621e+02
6.120000e-06	-3.582379e-09	-1.285115e-09	-1.942743e+01	-3.258246e+02
6.130000e-06	-3.634230e-09	-1.307605e-09	-1.970862e+01	-3.312550e+02
6.140000e-06	-3.685762e-09	-1.329174e-09	-1.998808e+01	-3.365556e+02
6.150000e-06	-3.737021e-09	-1.349181e-09	-2.026606e+01	-3.417291e+02
6.160000e-06	-3.788020e-09	-1.368522e-09	-2.054263e+01	-3.467783e+02
6.170000e-06	-3.838712e-09	-1.387855e-09	-2.081754e+01	-3.517061e+02
6.180000e-06	-3.889111e-09	-1.406983e-09	-2.109085e+01	-3.565149e+02
6.190000e-06	-3.939217e-09	-1.425890e-09	-2.136258e+01	-3.612070e+02
6.200000e-06	-3.988981e-09	-1.444401e-09	-2.163245e+01	-3.657839e+02
6.210000e-06	-4.038327e-09	-1.462253e-09	-2.190005e+01	-3.702471e+02
6.220000e-06	-4.087240e-09	-1.479473e-09	-2.216531e+01	-3.745974e+02
6.230000e-06	-4.135737e-09	-1.495998e-09	-2.242831e+01	-3.788354e+02
6.240000e-06	-4.183778e-09	-1.511772e-09	-2.268884e+01	-3.829616e+02
6.250000e-06	-4.231423e-09	-1.527255e-09	-2.294722e+01	-3.869768e+02
6.260000e-06	-4.278769e-09	-1.542861e-09	-2.320397e+01	-3.908817e+02
6.270000e-06	-4.325833e-09	-1.558603e-09	-2.345921e+01	-3.946778e+02
6.280000e-06	-4.372655e-09	-1.574304e-09	-2.371312e+01	-3.983670e+02
6.290000e-06	-4.419247e-09	-1.589232e-09	-2.396580e+01	-4.019521e+02
6.300000e-06	-4.465588e-09	-1.602614e-09	-2.421711e+01	-4.054364e+02
6.310000e-06	-4.511646e-09	-1.615111e-09	-2.446689e+01	-4.088241e+02
6.320000e-06	-4.557378e-09	-1.627812e-09	-2.471489e+01	-4.121198e+02
6.330000e-06	-4.602750e-09	-1.640435e-09	-2.496095e+01	-4.153285e+02
6.340000e-06	-4.647792e-09	-1.652707e-09	-2.520521e+01	-4.184557e+02
6.350000e-06	-4.692523e-09	-1.665133e-09	-2.544779e+01	-4.215068e+02
6.360000e-06	-4.736992e-09	-1.677650e-09	-2.568895e+01	-4.244870e+02
6.370000e-06	-4.781270e-09	-1.689583e-09	-2.592907e+01	-4.274012e+02
6.380000e-06	-4.825334e-09	-1.701004e-09	-2.616804e+01	-4.302539e+02
6.390000e-06	-4.869142e-09	-1.711949e-09	-2.640561e+01	-4.330490e+02
6.400000e-06	-4.912637e-09	-1.721895e-09	-2.664149e+01	-4.357899e+02
6.410000e-06	-4.955793e-09	-1.731590e-09	-2.687552e+01	-4.384793e+02
6.420000e-06	-4.998613e-09	-1.742099e-09	-2.710774e+01	-4.411193e+02
6.430000e-06	-5.041067e-09	-1.752730e-09	-2.733797e+01	-4.437119e+02
6.440000e-06	-5.083154e-09	-1.762962e-09	-2.756621e+01	-4.462584e+02
6.450000e-06	-5.124907e-09	-1.773137e-09	-2.779264e+01	-4.487602e+02
6.460000e-06	-5.166282e-09	-1.782657e-09	-2.801702e+01	-4.512184e+02
6.470000e-06	-5.207274e-09	-1.791362e-09	-2.823932e+01	-4.536343e+02
6.480000e-06	-5.247950e-09	-1.800102e-09	-2.845990e+01	-4.560092e+02
6.490000e-06	-5.288363e-09	-1.808953e-09	-2.867907e+01	-4.583445e+02
6.500000e-06	-5.328553e-09	-1.817733e-09	-2.889702e+01	-4.606417e+02
6.510000e-06	-5.368467e-09	-1.826875e-09	-2.911348e+01	-4.629024e+02
6.520000e-06	-5.408000e-09	-1.836322e-09	-2.932787e+01	-4.651279e+02
6.530000e-06	-5.447058e-09	-1.845527e-09	-2.953968e+01	-4.673197e+02
6.540000e-06	-5.485585e-09	-1.854216e-09	-2.974861e+01	-4.694790e+02
6.550000e-06	-5.523476e-09	-1.862354e-09	-2.995409e+01	-4.716066e+02
6.560000e-06	-5.560716e-09	-1.870208e-09	-3.015605e+01	-4.737030e+02
6.570000e-06	-5.597502e-09	-1.878227e-09	-3.035554e+01	-4.757685e+02
6.580000e-06	-5.633947e-09	-1.886411e-09	-3.055318e+01	-4.778030e+02
6.590000e-06	-5.670101e-09	-1.894135e-09	-3.074925e+01	-4.798060e+02
6.600000e-06	-5.705966e-09	-1.901623e-09	-3.094375e+01	-4.817769e+02
6.610000e-06	-5.741456e-09	-1.909431e-09	-3.113621e+01	-4.837152e+02
6.620000e-06	-5.776523e-09	-1.917079e-09	-3.132638e+01	-4.856202e+02
6.630000e-06	-5.811205e-09	-1.924163e-09	-3.151447e+01	-4.874914e+02
6.640000e-06	-5.845490e-09	-1.931059e-09	-3.170039e+01	-4.893286e+02
6.650000e-06	-5.879344e-09	-1.938050e-09	-3.188399e+01	-4.911318e+02
6.660000e-06	-5.912779e-09	-1.944815e-09	-3.206531e+01	-4.929015e+02
6.670000e-06	-5.945766e-09	-1.951605e-09	-3.224420e+01	-4.946384e+02
6.680000e-06	-5.978363e-09	-1.958522e-09	-3.242097e+01	-4.963434e+02
6.690000e-06	-6.010648e-09	-1.965064e-09	-3.259606e+01	-4.980178e+02
6.700000e-06	-6.042601e-09	-1.971332e-09	-3.276934e+01	-4.996629e+02
6.710000e-06	-6.074106e-09	-1.977679e-09	-3.294020e+01	-5.012799e+02
6.720000e-06	-6.105006e-09	-1.984083e-09	-3.310777e+01	-5.028700e+02
6.730000e-06	-6.135242e-09	-1.990102e-09	-3.327174e+01	-5.044340e+02
6.740000e-06	-6.164834e-09	-1.995577e-09	-3.343222e+01	-5.059725e+02
6.750000e-06	-6.193837e-09	-2.001040e-09	-3.358950e+01	-5.074859e+02
6.760000e-06	-6.222429e-09	-2.006783e-09	-3.374455e+01	-5.089739e+02
6.770000e-06	-6.250715e-09	-2.012576e-09	-3.389795e+01	-5.104364e+02
6.780000e-06	-6.278684e-09	-2.018043e-09	-3.404963e+01	-5.118726e+02
6.790000e-06	-6.306301e-09	-2.023126e-09	-3.419940e+01	-5.132818e+02
6.800000e-06	-6.333471e-09	-2.028243e-09	-3.434674e+01	-5.146635e+02
6.810000e-06	-6.360148e-09	-2.033717e-09	-3.449141e+01	-5.160170e+02
6.820000e-06	-6.386369e-09	-2.039432e-09	-3.463361e+01	-5.173418e+02
6.830000e-06	-6.412082e-09	-2.044728e-09	-3.477305e+01	-5.186378e+02
6.840000e-06	-6.437282e-09	-2.049347e-09	-3.490971e+01	-5.199051e+02
6.850000e-06	-6.462044e-09	-2.053995e-09	-3.504400e+01	-5.211440e+02
6.860000e-06	-6.486471e-09	-2.058905e-09	-3.517647e+01	-5.223551e+02
6.870000e-06	-6.510627e-09	-2.063481e-09	-3.530747e+01	-5.235392e+02
6.880000e-06	-6.534432e-09	-2.067373e-09	-3.543657e+01	-5.246969e+02
6.890000e-06	-6.557697e-09	-2.071016e-09	-3.556273e+01	-5.258288e+02
6.900000e-06	-6.580299e-09	-2.075179e-09	-3.568530e+01	-5.269355e+02
6.910000e-06	-6.602210e-09	-2.079633e-09	-3.580412e+01	-5.280172e+02
6.920000e-06	-6.623452e-09	-2.083636e-09	-3.591932e+01	-5.290737e+02
6.930000e-06	-6.644172e-09	-2.087024e-09	-3.603169e+01	-5.301046e+02
6.940000e-06	-6.664507e-09	-2.090248e-09	-3.614197e+01	-5.311094e+02
6.950000e-06	-6.684516e-09	-2.093721e-09	-3.625047e+01	-5.320872e+02
6.960000e-06	-6.704122e-09	-2.097342e-09	-3.635680e+01	-5.330370e+02
6.970000e-06	-6.723244e-09	-2.100735e-09	-3.646050e+01	-5.339582e+02
6.980000e-06	-6.741921e-09	-2.103870e-09	-3.656179e+01	-5.348501e+02
6.990000e-06	-6.760158e-09	-2.107080e-09	-3.666069e+01	-5.357127e+02
7.000000e-06	-6.777914e-09	-2.110748e-09	-3.675698e+01	-5.365463e+02
7.010000e-06	-6.795194e-09	-2.114704e-09	-3.685069e+01	-5.373517e+02
7.020000e-06	-6.812063e-09	-2.118202e-09	-3.694217e+01	-5.381303e+02
7.030000e-06	-6.828600e-09	-2.120734e-09	-3.703185e+01	-5.388841e+02
7.040000e-06	-6.844786e-09	-2.122809e-09	-3.711963e+01	-5.396154e+02
7.050000e-06	-6.860479e-09	-2.125260e-09	-3.720473e+01	-5.403267e+02
7.060000e-06	-6.875483e-09	-2.128028e-09	-3.728610e+01	-5.410205e+02
7.070000e-06	-6.889684e-09	-2.130625e-09	-3.736311e+01	-5.416991e+02
7.080000e-06	-6.903118e-09	-2.132676e-09	-3.743597e+01	-5.423644e+02
7.090000e-06	-6.915938e-09	-2.134712e-09	-3.750549e+01	-5.430177e+02
7.100000e-06	-6.928259e-09	-2.137372e-09	-3.757231e+01	-5.436597e+02
7.110000e-06	-6.940106e-09	-2.140286e-09	-3.763655e+01	-5.442901e+02
7.120000e-06	-6.951420e-09	-2.142612e-09	-3.769791e+01	-5.449080e+02
7.130000e-06	-6.962201e-09	-2.144283e-09	-3.775637e+01	-5.455118e+02
7.140000e-06	-6.972521e-09	-2.146095e-09	-3.781234e+01	-5.460993e+02
7.150000e-06	-6.982402e-09	-2.148299e-09	-3.786592e+01	-5.466680e+02
7.160000e-06	-6.991781e-09	-2.150511e-09	-3.791678e+01	-5.472155e+02
7.170000e-06	-7.000688e-09	-2.152336e-09	-3.796509e+01	-5.477394e+02
7.180000e-06	-7.009222e-09	-2.153812e-09	-3.801137e+01	-5.482378e+02
7.190000e-06	-7.017420e-09	-2.155742e-09	-3.805583e+01	-5.487096e+02
7.200000e-06	-7.025231e-09	-2.158275e-09	-3.809819e+01	-5.491542e+02
7.210000e-06	-7.032469e-09	-2.160445e-09	-3.813744e+01	-5.495719e+02
7.220000e-06	-7.038989e-09	-2.161637e-09	-3.817280e+01	-5.499639e+02
7.230000e-06	-7.044736e-09	-2.162355e-09	-3.820397e+01	-5.503319e+02
7.240000e-06	-7.049812e-09	-2.163314e-09	-3.823149e+01	-5.506781e+02
7.250000e-06	-7.054398e-09	-2.164650e-09	-3.825636e+01	-5.510048e+02
7.260000e-06	-7.058621e-09	-2.166424e-09	-3.827926e+01	-5.513143e+02
7.270000e-06	-7.062465e-09	-2.168154e-09	-3.830011e+01	-5.516084e+02
7.280000e-06	-7.065851e-09	-2.169598e-09	-3.831848e+01	-5.518884e+02
7.290000e-06	-7.068746e-09	-2.171145e-09	-3.833417e+01	-5.521547e+02
7.300000e-06	-7.071198e-09	-2.172575e-09	-3.834747e+01	-5.524069e+02
7.310000e-06	-7.073186e-09	-2.173726e-09	-3.835825e+01	-5.526436e+02
7.320000e-06	-7.074609e-09	-2.174490e-09	-3.836597e+01	-5.528629e+02
7.330000e-06	-7.075549e-09	-2.175021e-09	-3.837107e+01	-5.530620e+02
7.340000e-06	-7.076126e-09	-2.176196e-09	-3.837420e+01	-5.532381e+02
