# Configuracion:
# Concentracion g/m^3_=_11700.0
# C_Vs_to_Am_M_A/Vsm_=_254322799225.57578
# pendiente_HvsI_1/m_=_3716.3
# ordenada_HvsI_A/m_=_1297.0
# frecuencia_ref_Hz_=_136202.88856477273
# 
Resultados:
# tau_s_=_(1.71+/-0.21)e-07
# dphi_rad_=_6.43+/-0.02
# SAR_W/g_=_174.92+/-37.47
# Hc_kA/m_=_6.47+/-0.79
# Mr_A/m_=_187.68+/-49.93
# Suceptibilidad_a_M=0_=_0.0307+/-0.0062

Nombre_archivo	Time_m	Temperatura_(ºC)	Mr_(A/m)	Hc_(kA/m)	Campo_max_(A/m)	Mag_max_(A/m)	f0	mag0	dphi0	SAR_(W/g)	Tau_(s)	N	xi_M_0
135kHz_100dA_100Mss_NE5Xd013.txt	19/06/2024 16:40:11	-43.9	103.98	6.08	38460.00	464.83	1.362089e+05	3.716817e+00	6.421987e+00	122.64	1.632429e-07	4405	1.807e-02
135kHz_100dA_100Mss_NE5Xd014.txt	19/06/2024 16:40:11	-43.9	104.31	5.97	38460.00	473.21	1.362089e+05	3.783897e+00	6.417890e+00	121.19	1.583638e-07	4405	1.840e-02
135kHz_100dA_100Mss_NE5Xd015.txt	19/06/2024 16:40:12	-43.0	102.26	5.88	38460.00	469.76	1.362089e+05	3.760337e+00	6.414111e+00	117.08	1.538693e-07	4405	1.835e-02
135kHz_100dA_100Mss_NE5Xd016.txt	19/06/2024 16:40:12	-43.0	103.89	5.95	38460.00	471.23	1.361779e+05	3.778138e+00	6.417320e+00	120.47	1.576855e-07	4406	1.839e-02
135kHz_100dA_100Mss_NE5Xd017.txt	19/06/2024 16:40:13	-41.3	103.16	5.92	38460.00	468.10	1.362089e+05	3.755494e+00	6.415929e+00	118.54	1.560291e-07	4405	1.833e-02
135kHz_100dA_100Mss_NE5Xd018.txt	19/06/2024 16:40:13	-41.3	101.44	5.84	38460.00	465.43	1.361779e+05	3.732493e+00	6.414417e+00	116.46	1.542340e-07	4406	1.827e-02
135kHz_100dA_100Mss_NE5Xd019.txt	19/06/2024 16:40:14	-39.5	102.03	5.82	38460.00	471.91	1.362089e+05	3.783568e+00	6.414152e+00	117.84	1.539160e-07	4405	1.840e-02
135kHz_100dA_100Mss_NE5Xd020.txt	19/06/2024 16:40:15	-37.4	100.99	5.81	38460.00	463.83	1.362089e+05	3.718279e+00	6.412801e+00	114.62	1.523110e-07	4405	1.828e-02
135kHz_100dA_100Mss_NE5Xd021.txt	19/06/2024 16:40:16	-35.5	101.92	5.85	38460.00	463.88	1.362089e+05	3.723528e+00	6.415463e+00	117.12	1.554770e-07	4405	1.835e-02
135kHz_100dA_100Mss_NE5Xd022.txt	19/06/2024 16:40:16	-35.5	102.17	5.90	38460.00	458.70	1.361779e+05	3.686223e+00	6.417463e+00	117.67	1.578522e-07	4406	1.824e-02
135kHz_100dA_100Mss_NE5Xd023.txt	19/06/2024 16:40:17	-33.8	101.87	5.82	38460.00	467.29	1.362089e+05	3.740261e+00	6.416229e+00	118.33	1.563867e-07	4405	1.841e-02
135kHz_100dA_100Mss_NE5Xd024.txt	19/06/2024 16:40:17	-33.8	101.13	5.85	38460.00	458.54	1.362089e+05	3.686561e+00	6.415607e+00	116.09	1.556458e-07	4405	1.821e-02
135kHz_100dA_100Mss_NE5Xd025.txt	19/06/2024 16:40:18	-32.0	100.45	5.79	38460.00	455.08	1.362089e+05	3.663917e+00	6.414278e+00	114.22	1.540665e-07	4405	1.820e-02
135kHz_100dA_100Mss_NE5Xd026.txt	19/06/2024 16:40:18	-32.0	101.01	5.85	38460.00	452.23	1.361779e+05	3.637190e+00	6.417174e+00	115.85	1.575110e-07	4406	1.816e-02
135kHz_100dA_100Mss_NE5Xd027.txt	19/06/2024 16:40:19	-31.2	99.38	5.72	38460.00	456.92	1.362089e+05	3.675615e+00	6.412365e+00	112.92	1.517936e-07	4405	1.822e-02
135kHz_100dA_100Mss_NE5Xd028.txt	19/06/2024 16:40:19	-31.2	99.32	5.77	38460.00	452.99	1.362089e+05	3.641995e+00	6.413213e+00	112.62	1.528005e-07	4405	1.803e-02
135kHz_100dA_100Mss_NE5Xd029.txt	19/06/2024 16:40:20	-28.4	99.23	5.69	38460.00	457.86	1.361779e+05	3.679796e+00	6.411781e+00	112.52	1.510992e-07	4406	1.827e-02
135kHz_100dA_100Mss_NE5Xd030.txt	19/06/2024 16:40:21	-28.4	99.48	5.69	38460.00	454.23	1.362089e+05	3.657277e+00	6.412905e+00	112.83	1.524377e-07	4405	1.836e-02
135kHz_100dA_100Mss_NE5Xd031.txt	19/06/2024 16:40:21	-28.4	98.53	5.65	38460.00	457.93	1.362089e+05	3.681534e+00	6.410162e+00	111.19	1.491772e-07	4405	1.833e-02
135kHz_100dA_100Mss_NE5Xd032.txt	19/06/2024 16:40:22	-26.2	97.65	5.59	38460.00	455.37	1.362089e+05	3.659384e+00	6.408297e+00	108.90	1.469629e-07	4405	1.837e-02
135kHz_100dA_100Mss_NE5Xd033.txt	19/06/2024 16:40:22	-26.2	98.30	5.64	38460.00	453.11	1.361779e+05	3.654697e+00	6.411807e+00	111.77	1.511308e-07	4406	1.825e-02
135kHz_100dA_100Mss_NE5Xd034.txt	19/06/2024 16:40:23	-25.1	98.46	5.66	38460.00	455.55	1.362089e+05	3.663521e+00	6.411279e+00	111.61	1.505048e-07	4405	1.828e-02
135kHz_100dA_100Mss_NE5Xd035.txt	19/06/2024 16:40:23	-25.1	97.77	5.60	38460.00	455.38	1.362089e+05	3.666792e+00	6.410133e+00	110.72	1.491419e-07	4405	1.832e-02
135kHz_100dA_100Mss_NE5Xd036.txt	19/06/2024 16:40:24	-24.2	97.83	5.63	38460.00	454.32	1.362089e+05	3.656131e+00	6.410646e+00	110.84	1.497503e-07	4405	1.824e-02
135kHz_100dA_100Mss_NE5Xd037.txt	19/06/2024 16:40:24	-24.2	98.03	5.66	38460.00	449.64	1.361779e+05	3.627828e+00	6.411335e+00	110.55	1.505686e-07	4406	1.822e-02
135kHz_100dA_100Mss_NE5Xd038.txt	19/06/2024 16:40:26	-22.4	98.31	5.72	38460.00	442.51	1.362089e+05	3.569339e+00	6.414353e+00	111.34	1.541558e-07	4405	1.804e-02
135kHz_100dA_100Mss_NE5Xd039.txt	19/06/2024 16:40:26	-22.4	96.80	5.62	38460.00	445.67	1.362089e+05	3.594862e+00	6.411390e+00	109.61	1.506336e-07	4405	1.808e-02
135kHz_100dA_100Mss_NE5Xd040.txt	19/06/2024 16:40:27	-21.7	96.98	5.54	38460.00	456.52	1.362089e+05	3.675955e+00	6.408030e+00	109.17	1.466456e-07	4405	1.843e-02
135kHz_100dA_100Mss_NE5Xd041.txt	19/06/2024 16:40:27	-21.7	96.91	5.58	38460.00	449.34	1.362089e+05	3.621084e+00	6.409990e+00	109.22	1.489749e-07	4405	1.819e-02
135kHz_100dA_100Mss_NE5Xd042.txt	19/06/2024 16:40:28	-21.0	95.45	5.48	38460.00	452.73	1.362089e+05	3.646151e+00	6.406493e+00	106.95	1.448180e-07	4405	1.826e-02
135kHz_100dA_100Mss_NE5Xd043.txt	19/06/2024 16:40:29	-20.2	95.30	5.50	38460.00	447.88	1.362089e+05	3.610225e+00	6.407170e+00	106.48	1.456228e-07	4405	1.810e-02
135kHz_100dA_100Mss_NE5Xd044.txt	19/06/2024 16:40:29	-20.2	95.81	5.44	38460.00	454.76	1.362089e+05	3.665080e+00	6.405805e+00	106.91	1.440053e-07	4405	1.850e-02
135kHz_100dA_100Mss_NE5Xd045.txt	19/06/2024 16:40:30	-19.5	95.98	5.47	38460.00	453.43	1.362089e+05	3.653898e+00	6.405992e+00	106.75	1.442283e-07	4405	1.843e-02
135kHz_100dA_100Mss_NE5Xd046.txt	19/06/2024 16:40:31	-18.9	95.44	5.50	38460.00	448.55	1.362089e+05	3.617010e+00	6.407622e+00	107.07	1.461598e-07	4405	1.816e-02
135kHz_100dA_100Mss_NE5Xd047.txt	19/06/2024 16:40:31	-18.9	95.47	5.44	38460.00	455.50	1.362089e+05	3.667316e+00	6.406637e+00	107.70	1.449892e-07	4405	1.840e-02
135kHz_100dA_100Mss_NE5Xd048.txt	19/06/2024 16:40:32	-18.2	94.98	5.45	38460.00	450.60	1.361779e+05	3.627571e+00	6.404961e+00	105.07	1.430043e-07	4406	1.829e-02
135kHz_100dA_100Mss_NE5Xd049.txt	19/06/2024 16:40:32	-18.2	96.25	5.51	38460.00	451.88	1.362089e+05	3.638299e+00	6.408740e+00	108.66	1.474889e-07	4405	1.833e-02
135kHz_100dA_100Mss_NE5Xd050.txt	19/06/2024 16:40:33	-17.7	94.66	5.39	38460.00	456.27	1.362089e+05	3.672242e+00	6.403931e+00	105.49	1.417827e-07	4405	1.837e-02
135kHz_100dA_100Mss_NE5Xd051.txt	19/06/2024 16:40:33	-17.7	95.66	5.46	38460.00	455.74	1.361779e+05	3.673556e+00	6.407053e+00	108.22	1.454860e-07	4406	1.836e-02
135kHz_100dA_100Mss_NE5Xd052.txt	19/06/2024 16:40:34	-17.1	95.62	5.41	38460.00	458.27	1.362089e+05	3.696125e+00	6.406061e+00	108.04	1.443079e-07	4405	1.851e-02
135kHz_100dA_100Mss_NE5Xd053.txt	19/06/2024 16:40:34	-17.1	96.52	5.49	38460.00	457.12	1.362089e+05	3.677692e+00	6.408224e+00	109.39	1.468737e-07	4405	1.843e-02
135kHz_100dA_100Mss_NE5Xd054.txt	19/06/2024 16:40:35	-16.8	94.18	5.31	38460.00	462.59	1.362089e+05	3.720019e+00	6.401704e+00	104.90	1.391416e-07	4405	1.857e-02
135kHz_100dA_100Mss_NE5Xd055.txt	19/06/2024 16:40:36	-16.2	94.67	5.36	38460.00	456.58	1.361779e+05	3.682545e+00	6.404312e+00	106.10	1.422338e-07	4406	1.853e-02
135kHz_100dA_100Mss_NE5Xd056.txt	19/06/2024 16:40:36	-16.2	95.82	5.44	38460.00	455.34	1.362089e+05	3.673667e+00	6.406698e+00	107.94	1.450633e-07	4405	1.847e-02
135kHz_100dA_100Mss_NE5Xd057.txt	19/06/2024 16:40:38	-15.2	94.88	5.34	38460.00	463.15	1.362089e+05	3.724845e+00	6.404116e+00	107.17	1.420001e-07	4405	1.857e-02
135kHz_100dA_100Mss_NE5Xd058.txt	19/06/2024 16:40:38	-15.2	94.79	5.35	38460.00	458.27	1.361779e+05	3.690139e+00	6.404223e+00	106.24	1.421258e-07	4406	1.852e-02
135kHz_100dA_100Mss_NE5Xd059.txt	19/06/2024 16:40:39	-14.7	94.27	5.30	38460.00	460.69	1.362089e+05	3.706558e+00	6.403216e+00	105.85	1.409348e-07	4405	1.855e-02
135kHz_100dA_100Mss_NE5Xd060.txt	19/06/2024 16:40:40	-14.3	94.56	5.39	38460.00	454.30	1.361779e+05	3.653988e+00	6.406072e+00	106.80	1.443198e-07	4406	1.842e-02
135kHz_100dA_100Mss_NE5Xd061.txt	19/06/2024 16:40:40	-14.3	94.66	5.39	38460.00	451.15	1.362089e+05	3.639651e+00	6.405779e+00	106.15	1.439726e-07	4405	1.840e-02
135kHz_100dA_100Mss_NE5Xd062.txt	19/06/2024 16:40:41	-13.9	94.59	5.35	38460.00	454.48	1.362089e+05	3.661883e+00	6.404730e+00	105.89	1.427291e-07	4405	1.855e-02
135kHz_100dA_100Mss_NE5Xd063.txt	19/06/2024 16:40:41	-13.9	93.77	5.29	38460.00	459.09	1.362089e+05	3.700201e+00	6.402414e+00	104.97	1.399841e-07	4405	1.858e-02
135kHz_100dA_100Mss_NE5Xd064.txt	19/06/2024 16:40:42	-13.3	93.69	5.32	38460.00	455.15	1.362089e+05	3.666522e+00	6.403749e+00	105.17	1.415658e-07	4405	1.839e-02
135kHz_100dA_100Mss_NE5Xd065.txt	19/06/2024 16:40:42	-13.3	94.14	5.29	38460.00	460.79	1.361779e+05	3.716439e+00	6.402667e+00	105.63	1.402835e-07	4406	1.874e-02
135kHz_100dA_100Mss_NE5Xd066.txt	19/06/2024 16:40:43	-12.9	94.04	5.28	38460.00	460.21	1.361779e+05	3.711348e+00	6.402384e+00	105.23	1.399490e-07	4406	1.878e-02
135kHz_100dA_100Mss_NE5Xd067.txt	19/06/2024 16:40:43	-12.9	94.39	5.29	38460.00	461.88	1.362089e+05	3.721614e+00	6.402691e+00	105.82	1.403128e-07	4405	1.869e-02
135kHz_100dA_100Mss_NE5Xd068.txt	19/06/2024 16:40:44	-12.6	93.26	5.26	38460.00	457.72	1.362089e+05	3.689650e+00	6.401589e+00	103.95	1.390075e-07	4405	1.853e-02
135kHz_100dA_100Mss_NE5Xd069.txt	19/06/2024 16:40:45	-12.2	92.10	5.24	38460.00	455.41	1.362089e+05	3.668267e+00	6.400903e+00	102.75	1.381928e-07	4405	1.837e-02
135kHz_100dA_100Mss_NE5Xd070.txt	19/06/2024 16:40:45	-12.2	92.61	5.26	38460.00	453.91	1.362089e+05	3.661555e+00	6.401524e+00	103.10	1.389301e-07	4405	1.843e-02
135kHz_100dA_100Mss_NE5Xd071.txt	19/06/2024 16:40:46	-11.6	92.82	5.23	38460.00	461.21	1.362089e+05	3.713792e+00	6.400692e+00	103.84	1.379437e-07	4405	1.855e-02
135kHz_100dA_100Mss_NE5Xd072.txt	19/06/2024 16:40:46	-11.6	93.76	5.37	38460.00	450.60	1.362089e+05	3.625698e+00	6.405259e+00	105.29	1.433551e-07	4405	1.831e-02
135kHz_100dA_100Mss_NE5Xd073.txt	19/06/2024 16:40:47	-11.3	93.08	5.30	38460.00	451.79	1.362089e+05	3.641450e+00	6.402892e+00	103.71	1.405465e-07	4405	1.843e-02
135kHz_100dA_100Mss_NE5Xd074.txt	19/06/2024 16:40:47	-11.3	93.75	5.31	38460.00	453.47	1.362089e+05	3.652772e+00	6.403550e+00	104.60	1.413288e-07	4405	1.846e-02
135kHz_100dA_100Mss_NE5Xd075.txt	19/06/2024 16:40:48	-10.9	93.26	5.31	38460.00	451.28	1.362089e+05	3.641856e+00	6.403610e+00	104.34	1.414008e-07	4405	1.841e-02
135kHz_100dA_100Mss_NE5Xd076.txt	19/06/2024 16:40:49	-10.6	92.68	5.23	38460.00	456.32	1.362089e+05	3.681477e+00	6.401547e+00	103.68	1.389565e-07	4405	1.850e-02
135kHz_100dA_100Mss_NE5Xd077.txt	19/06/2024 16:40:50	-10.2	92.58	5.21	38460.00	457.60	1.362089e+05	3.686376e+00	6.400098e+00	102.55	1.372411e-07	4405	1.859e-02
135kHz_100dA_100Mss_NE5Xd078.txt	19/06/2024 16:40:50	-10.2	92.70	5.22	38460.00	458.42	1.361779e+05	3.695191e+00	6.401132e+00	103.68	1.384626e-07	4406	1.853e-02
135kHz_100dA_100Mss_NE5Xd079.txt	19/06/2024 16:40:51	-9.8	93.35	5.25	38460.00	458.03	1.362089e+05	3.693259e+00	6.403209e+00	105.46	1.409270e-07	4405	1.851e-02
135kHz_100dA_100Mss_NE5Xd080.txt	19/06/2024 16:40:51	-9.8	93.49	5.22	38460.00	463.78	1.362089e+05	3.736534e+00	6.401538e+00	105.22	1.389447e-07	4405	1.869e-02
135kHz_100dA_100Mss_NE5Xd081.txt	19/06/2024 16:40:52	-9.5	93.18	5.23	38460.00	463.20	1.362089e+05	3.731440e+00	6.401684e+00	105.21	1.391174e-07	4405	1.864e-02
135kHz_100dA_100Mss_NE5Xd082.txt	19/06/2024 16:40:52	-9.5	91.53	5.21	38460.00	454.29	1.362089e+05	3.659827e+00	6.399914e+00	101.65	1.370207e-07	4405	1.842e-02
135kHz_100dA_100Mss_NE5Xd083.txt	19/06/2024 16:40:53	-9.1	92.68	5.16	38460.00	467.43	1.362089e+05	3.760847e+00	6.399209e+00	103.83	1.361841e-07	4405	1.884e-02
135kHz_100dA_100Mss_NE5Xd084.txt	19/06/2024 16:40:53	-9.1	92.36	5.21	38460.00	454.66	1.362089e+05	3.669221e+00	6.401013e+00	102.87	1.383252e-07	4405	1.860e-02
135kHz_100dA_100Mss_NE5Xd085.txt	19/06/2024 16:40:54	-8.8	91.40	5.17	38460.00	457.75	1.361779e+05	3.684246e+00	6.399464e+00	101.92	1.364877e-07	4406	1.857e-02
135kHz_100dA_100Mss_NE5Xd086.txt	19/06/2024 16:40:54	-8.8	91.87	5.19	38460.00	456.62	1.362089e+05	3.678368e+00	6.400807e+00	102.95	1.380785e-07	4405	1.848e-02
135kHz_100dA_100Mss_NE5Xd087.txt	19/06/2024 16:40:55	-8.5	91.90	5.15	38460.00	461.64	1.362089e+05	3.719026e+00	6.399249e+00	102.71	1.362334e-07	4405	1.866e-02
135kHz_100dA_100Mss_NE5Xd088.txt	19/06/2024 16:40:55	-8.5	92.58	5.23	38460.00	457.88	1.361779e+05	3.692874e+00	6.402099e+00	104.46	1.396097e-07	4406	1.848e-02
135kHz_100dA_100Mss_NE5Xd089.txt	19/06/2024 16:40:56	-8.2	91.70	5.24	38460.00	448.99	1.362089e+05	3.624969e+00	6.402492e+00	102.90	1.400754e-07	4405	1.822e-02
135kHz_100dA_100Mss_NE5Xd090.txt	19/06/2024 16:40:56	-8.2	91.07	5.19	38460.00	451.78	1.361779e+05	3.643364e+00	6.399562e+00	100.87	1.366038e-07	4406	1.834e-02
135kHz_100dA_100Mss_NE5Xd091.txt	19/06/2024 16:40:57	-8.0	91.12	5.15	38460.00	458.00	1.362089e+05	3.686679e+00	6.398779e+00	101.41	1.356772e-07	4405	1.849e-02
135kHz_100dA_100Mss_NE5Xd092.txt	19/06/2024 16:40:57	-8.0	92.05	5.14	38460.00	463.41	1.361779e+05	3.731065e+00	6.399652e+00	103.38	1.367112e-07	4406	1.873e-02
135kHz_100dA_100Mss_NE5Xd093.txt	19/06/2024 16:40:58	-7.7	92.48	5.24	38460.00	454.20	1.362089e+05	3.661759e+00	6.402268e+00	103.75	1.398095e-07	4405	1.844e-02
135kHz_100dA_100Mss_NE5Xd094.txt	19/06/2024 16:40:58	-7.7	91.92	5.20	38460.00	455.00	1.361779e+05	3.668855e+00	6.401293e+00	103.08	1.386557e-07	4406	1.845e-02
135kHz_100dA_100Mss_NE5Xd095.txt	19/06/2024 16:40:59	-7.7	91.54	5.11	38460.00	463.80	1.362089e+05	3.734835e+00	6.398700e+00	102.66	1.355845e-07	4405	1.868e-02
135kHz_100dA_100Mss_NE5Xd096.txt	19/06/2024 16:41:00	-7.3	91.31	5.11	38460.00	462.40	1.361779e+05	3.721865e+00	6.397415e+00	101.15	1.340628e-07	4406	1.867e-02
135kHz_100dA_100Mss_NE5Xd097.txt	19/06/2024 16:41:01	-6.9	91.84	5.17	38460.00	456.54	1.362089e+05	3.680050e+00	6.400275e+00	102.53	1.374465e-07	4405	1.854e-02
135kHz_100dA_100Mss_NE5Xd098.txt	19/06/2024 16:41:01	-6.9	91.34	5.17	38460.00	453.79	1.362089e+05	3.657254e+00	6.400109e+00	101.75	1.372535e-07	4405	1.837e-02
135kHz_100dA_100Mss_NE5Xd099.txt	19/06/2024 16:41:02	-6.6	92.23	5.16	38460.00	460.62	1.361779e+05	3.709664e+00	6.400198e+00	103.26	1.373563e-07	4406	1.882e-02
135kHz_100dA_100Mss_NE5Xd100.txt	19/06/2024 16:41:02	-6.6	90.62	5.09	38460.00	456.80	1.362089e+05	3.680576e+00	6.397527e+00	100.15	1.341965e-07	4405	1.865e-02
135kHz_100dA_100Mss_NE5Xd101.txt	19/06/2024 16:41:03	-6.4	90.23	5.08	38460.00	456.52	1.362089e+05	3.680472e+00	6.397150e+00	99.82	1.337460e-07	4405	1.855e-02
135kHz_100dA_100Mss_NE5Xd102.txt	19/06/2024 16:41:03	-6.4	90.67	5.08	38460.00	460.79	1.362089e+05	3.708849e+00	6.396551e+00	100.06	1.330378e-07	4405	1.862e-02
135kHz_100dA_100Mss_NE5Xd103.txt	19/06/2024 16:41:04	-6.1	92.20	5.17	38460.00	460.25	1.361779e+05	3.708655e+00	6.400463e+00	103.47	1.376724e-07	4406	1.867e-02
135kHz_100dA_100Mss_NE5Xd104.txt	19/06/2024 16:41:04	-6.1	91.41	5.13	38460.00	457.21	1.362089e+05	3.684330e+00	6.398673e+00	101.25	1.355519e-07	4405	1.865e-02
135kHz_100dA_100Mss_NE5Xd105.txt	19/06/2024 16:41:05	-6.0	91.98	5.14	38460.00	464.42	1.361779e+05	3.733986e+00	6.399157e+00	103.02	1.361232e-07	4406	1.872e-02
135kHz_100dA_100Mss_NE5Xd106.txt	19/06/2024 16:41:05	-6.0	91.71	5.15	38460.00	461.26	1.362089e+05	3.715268e+00	6.399222e+00	102.58	1.361994e-07	4405	1.865e-02
135kHz_100dA_100Mss_NE5Xd107.txt	19/06/2024 16:41:06	-5.8	91.93	5.11	38460.00	464.13	1.361779e+05	3.740850e+00	6.399229e+00	103.27	1.362109e-07	4406	1.886e-02
135kHz_100dA_100Mss_NE5Xd108.txt	19/06/2024 16:41:06	-5.8	91.68	5.12	38460.00	458.25	1.361779e+05	3.699151e+00	6.399358e+00	102.24	1.363629e-07	4406	1.872e-02
135kHz_100dA_100Mss_NE5Xd109.txt	19/06/2024 16:41:07	-5.5	91.86	5.13	38460.00	458.48	1.362089e+05	3.699330e+00	6.399430e+00	102.33	1.364462e-07	4405	1.872e-02
135kHz_100dA_100Mss_NE5Xd110.txt	19/06/2024 16:41:07	-5.5	90.81	5.04	38460.00	466.81	1.362089e+05	3.754416e+00	6.396237e+00	101.01	1.326670e-07	4405	1.890e-02
135kHz_100dA_100Mss_NE5Xd111.txt	19/06/2024 16:41:08	-5.3	90.61	5.03	38460.00	465.50	1.362089e+05	3.743642e+00	6.395304e+00	99.89	1.315630e-07	4405	1.885e-02
135kHz_100dA_100Mss_NE5Xd112.txt	19/06/2024 16:41:08	-5.3	91.35	5.11	38460.00	458.41	1.361779e+05	3.697092e+00	6.398070e+00	101.05	1.348351e-07	4406	1.864e-02
135kHz_100dA_100Mss_NE5Xd113.txt	19/06/2024 16:41:09	-5.1	92.61	5.19	38460.00	460.88	1.362089e+05	3.711641e+00	6.400826e+00	103.89	1.380988e-07	4405	1.867e-02
135kHz_100dA_100Mss_NE5Xd114.txt	19/06/2024 16:41:10	-4.6	91.97	5.08	38460.00	469.06	1.362089e+05	3.777005e+00	6.397722e+00	102.95	1.344219e-07	4405	1.897e-02
135kHz_100dA_100Mss_NE5Xd115.txt	19/06/2024 16:41:11	-4.6	92.87	5.14	38460.00	465.13	1.361779e+05	3.748978e+00	6.399372e+00	103.63	1.363822e-07	4406	1.897e-02
135kHz_100dA_100Mss_NE5Xd116.txt	19/06/2024 16:41:11	-4.6	92.54	5.17	38460.00	460.20	1.362089e+05	3.710880e+00	6.400236e+00	103.36	1.374002e-07	4405	1.870e-02
135kHz_100dA_100Mss_NE5Xd117.txt	19/06/2024 16:41:12	-4.3	92.87	5.14	38460.00	462.12	1.362089e+05	3.728676e+00	6.400098e+00	103.73	1.372372e-07	4405	1.891e-02
135kHz_100dA_100Mss_NE5Xd118.txt	19/06/2024 16:41:12	-4.3	93.38	5.14	38460.00	466.77	1.362089e+05	3.761059e+00	6.399286e+00	103.91	1.362763e-07	4405	1.903e-02
135kHz_100dA_100Mss_NE5Xd119.txt	19/06/2024 16:41:13	-4.0	93.76	5.10	38460.00	474.67	1.362089e+05	3.822691e+00	6.398158e+00	104.59	1.349397e-07	4405	1.934e-02
135kHz_100dA_100Mss_NE5Xd120.txt	19/06/2024 16:41:13	-4.0	93.64	5.05	38460.00	473.66	1.361779e+05	3.815741e+00	6.396896e+00	103.23	1.334479e-07	4406	1.951e-02
135kHz_100dA_100Mss_NE5Xd121.txt	19/06/2024 16:41:14	-3.8	95.10	5.19	38460.00	466.31	1.362089e+05	3.764985e+00	6.402188e+00	106.60	1.397152e-07	4405	1.922e-02
135kHz_100dA_100Mss_NE5Xd122.txt	19/06/2024 16:41:14	-3.8	94.34	5.21	38460.00	463.02	1.362089e+05	3.735169e+00	6.401470e+00	105.12	1.388629e-07	4405	1.899e-02
135kHz_100dA_100Mss_NE5Xd123.txt	19/06/2024 16:41:15	-3.6	93.86	5.11	38460.00	463.21	1.362089e+05	3.740017e+00	6.398068e+00	102.25	1.348332e-07	4405	1.925e-02
135kHz_100dA_100Mss_NE5Xd124.txt	19/06/2024 16:41:15	-3.6	95.83	5.18	38460.00	468.16	1.362089e+05	3.778973e+00	6.401025e+00	105.96	1.383383e-07	4405	1.940e-02
135kHz_100dA_100Mss_NE5Xd125.txt	19/06/2024 16:41:16	-3.5	95.67	5.14	38460.00	470.88	1.362089e+05	3.800023e+00	6.399439e+00	105.12	1.364573e-07	4405	1.956e-02
135kHz_100dA_100Mss_NE5Xd126.txt	19/06/2024 16:41:16	-3.5	95.82	5.12	38460.00	474.39	1.361779e+05	3.832333e+00	6.398465e+00	105.11	1.353045e-07	4406	1.968e-02
135kHz_100dA_100Mss_NE5Xd127.txt	19/06/2024 16:41:17	-3.3	97.21	5.14	38460.00	476.37	1.361779e+05	3.853124e+00	6.399739e+00	106.84	1.368134e-07	4406	1.996e-02
135kHz_100dA_100Mss_NE5Xd128.txt	19/06/2024 16:41:17	-3.3	97.76	5.19	38460.00	472.13	1.362089e+05	3.816049e+00	6.400935e+00	106.92	1.382300e-07	4405	1.993e-02
135kHz_100dA_100Mss_NE5Xd129.txt	19/06/2024 16:41:18	-3.2	99.63	5.20	38460.00	476.63	1.362089e+05	3.859355e+00	6.401336e+00	108.50	1.387050e-07	4405	2.023e-02
135kHz_100dA_100Mss_NE5Xd130.txt	19/06/2024 16:41:18	-3.2	99.53	5.21	38460.00	475.14	1.361779e+05	3.848238e+00	6.400828e+00	107.70	1.380995e-07	4406	2.025e-02
135kHz_100dA_100Mss_NE5Xd131.txt	19/06/2024 16:41:19	-3.1	100.75	5.19	38460.00	484.26	1.362089e+05	3.915690e+00	6.399459e+00	108.34	1.364821e-07	4405	2.065e-02
135kHz_100dA_100Mss_NE5Xd132.txt	19/06/2024 16:41:19	-3.1	103.08	5.22	38460.00	488.03	1.361779e+05	3.952031e+00	6.400469e+00	110.26	1.376774e-07	4406	2.099e-02
135kHz_100dA_100Mss_NE5Xd133.txt	19/06/2024 16:41:21	-2.7	105.48	5.31	38460.00	477.43	1.362089e+05	3.881925e+00	6.402143e+00	109.87	1.396614e-07	4405	2.134e-02
135kHz_100dA_100Mss_NE5Xd134.txt	19/06/2024 16:41:21	-2.7	106.98	5.35	38460.00	484.40	1.361779e+05	3.935751e+00	6.402320e+00	111.54	1.398700e-07	4406	2.152e-02
135kHz_100dA_100Mss_NE5Xd135.txt	19/06/2024 16:41:22	-2.6	110.35	5.39	38460.00	489.47	1.361779e+05	3.982716e+00	6.403457e+00	113.94	1.412195e-07	4406	2.200e-02
135kHz_100dA_100Mss_NE5Xd136.txt	19/06/2024 16:41:22	-2.6	112.37	5.40	38460.00	491.08	1.362089e+05	4.001583e+00	6.403618e+00	114.66	1.414106e-07	4405	2.244e-02
135kHz_100dA_100Mss_NE5Xd137.txt	19/06/2024 16:41:23	-2.5	114.27	5.42	38460.00	491.76	1.361779e+05	4.008874e+00	6.402797e+00	114.06	1.404371e-07	4406	2.279e-02
135kHz_100dA_100Mss_NE5Xd138.txt	19/06/2024 16:41:23	-2.5	118.60	5.48	38460.00	497.86	1.362089e+05	4.071323e+00	6.404493e+00	117.50	1.424484e-07	4405	2.356e-02
135kHz_100dA_100Mss_NE5Xd139.txt	19/06/2024 16:41:24	-2.4	122.72	5.59	38460.00	500.77	1.362089e+05	4.101702e+00	6.406974e+00	120.78	1.453868e-07	4405	2.402e-02
135kHz_100dA_100Mss_NE5Xd140.txt	19/06/2024 16:41:24	-2.4	125.77	5.65	38460.00	500.09	1.362089e+05	4.102483e+00	6.408298e+00	122.09	1.469594e-07	4405	2.453e-02
135kHz_100dA_100Mss_NE5Xd141.txt	19/06/2024 16:41:25	-2.2	130.21	5.72	38460.00	503.22	1.361779e+05	4.142234e+00	6.410194e+00	125.10	1.492136e-07	4406	2.515e-02
135kHz_100dA_100Mss_NE5Xd142.txt	19/06/2024 16:41:25	-2.2	133.73	5.81	38460.00	505.69	1.361779e+05	4.164973e+00	6.411711e+00	127.29	1.510151e-07	4406	2.566e-02
135kHz_100dA_100Mss_NE5Xd143.txt	19/06/2024 16:41:26	-2.1	137.82	5.83	38460.00	513.34	1.362089e+05	4.229572e+00	6.410274e+00	127.85	1.493092e-07	4405	2.629e-02
135kHz_100dA_100Mss_NE5Xd144.txt	19/06/2024 16:41:26	-2.1	142.50	5.92	38460.00	512.55	1.362089e+05	4.235962e+00	6.412793e+00	130.57	1.523002e-07	4405	2.688e-02
135kHz_100dA_100Mss_NE5Xd145.txt	19/06/2024 16:41:27	-2.0	148.25	6.05	38460.00	517.86	1.362089e+05	4.288717e+00	6.415267e+00	134.70	1.552441e-07	4405	2.770e-02
135kHz_100dA_100Mss_NE5Xd146.txt	19/06/2024 16:41:27	-2.0	153.71	6.11	38460.00	530.32	1.361779e+05	4.388885e+00	6.417545e+00	140.18	1.579489e-07	4406	2.823e-02
135kHz_100dA_100Mss_NE5Xd147.txt	19/06/2024 16:41:28	-1.9	157.93	6.15	38460.00	532.99	1.362089e+05	4.423182e+00	6.417115e+00	140.86	1.574382e-07	4405	2.890e-02
135kHz_100dA_100Mss_NE5Xd148.txt	19/06/2024 16:41:28	-1.9	162.75	6.26	38460.00	537.02	1.361779e+05	4.465073e+00	6.419901e+00	145.10	1.607575e-07	4406	2.922e-02
135kHz_100dA_100Mss_NE5Xd149.txt	19/06/2024 16:41:29	-1.8	168.27	6.40	38460.00	536.31	1.362089e+05	4.473068e+00	6.422760e+00	148.41	1.641597e-07	4405	2.973e-02
135kHz_100dA_100Mss_NE5Xd150.txt	19/06/2024 16:41:30	-1.7	172.03	6.37	38460.00	547.57	1.362089e+05	4.567431e+00	6.420490e+00	149.10	1.614552e-07	4405	3.040e-02
135kHz_100dA_100Mss_NE5Xd151.txt	19/06/2024 16:41:30	-1.7	176.83	6.45	38460.00	555.18	1.362089e+05	4.633666e+00	6.422389e+00	153.34	1.637177e-07	4405	3.090e-02
135kHz_100dA_100Mss_NE5Xd152.txt	19/06/2024 16:41:31	-1.6	185.43	6.64	38460.00	552.50	1.362089e+05	4.634103e+00	6.427567e+00	159.02	1.698941e-07	4405	3.163e-02
135kHz_100dA_100Mss_NE5Xd153.txt	19/06/2024 16:41:32	-1.5	190.99	6.73	38460.00	561.32	1.362089e+05	4.710241e+00	6.430444e+00	164.83	1.733276e-07	4405	3.226e-02
135kHz_100dA_100Mss_NE5Xd154.txt	19/06/2024 16:41:32	-1.5	194.33	6.80	38460.00	565.27	1.362089e+05	4.744676e+00	6.431185e+00	166.86	1.742103e-07	4405	3.252e-02
135kHz_100dA_100Mss_NE5Xd155.txt	19/06/2024 16:41:33	-1.4	197.23	6.84	38460.00	561.96	1.362089e+05	4.730142e+00	6.431597e+00	166.81	1.747044e-07	4405	3.281e-02
135kHz_100dA_100Mss_NE5Xd156.txt	19/06/2024 16:41:33	-1.4	199.88	6.89	38460.00	566.34	1.362089e+05	4.767753e+00	6.432482e+00	169.13	1.757608e-07	4405	3.321e-02
135kHz_100dA_100Mss_NE5Xd157.txt	19/06/2024 16:41:34	-1.3	203.94	6.98	38460.00	564.81	1.361779e+05	4.760181e+00	6.436187e+00	172.98	1.801941e-07	4406	3.339e-02
135kHz_100dA_100Mss_NE5Xd158.txt	19/06/2024 16:41:34	-1.3	207.46	7.07	38460.00	572.57	1.362089e+05	4.826670e+00	6.437759e+00	177.23	1.820712e-07	4405	3.348e-02
135kHz_100dA_100Mss_NE5Xd159.txt	19/06/2024 16:41:35	-1.3	208.83	7.05	38460.00	576.14	1.362089e+05	4.856915e+00	6.436325e+00	176.69	1.803525e-07	4405	3.402e-02
135kHz_100dA_100Mss_NE5Xd160.txt	19/06/2024 16:41:35	-1.3	211.82	7.13	38460.00	572.70	1.362089e+05	4.840523e+00	6.438461e+00	178.53	1.829115e-07	4405	3.431e-02
135kHz_100dA_100Mss_NE5Xd161.txt	19/06/2024 16:41:36	-1.2	214.24	7.19	38460.00	576.87	1.362089e+05	4.876048e+00	6.439602e+00	181.16	1.842807e-07	4405	3.425e-02
135kHz_100dA_100Mss_NE5Xd162.txt	19/06/2024 16:41:36	-1.2	215.47	7.22	38460.00	573.56	1.361779e+05	4.851119e+00	6.440838e+00	181.60	1.857596e-07	4406	3.446e-02
135kHz_100dA_100Mss_NE5Xd163.txt	19/06/2024 16:41:37	-1.2	218.39	7.22	38460.00	584.00	1.362089e+05	4.931493e+00	6.440644e+00	184.43	1.855295e-07	4405	3.495e-02
135kHz_100dA_100Mss_NE5Xd164.txt	19/06/2024 16:41:37	-1.2	219.13	7.34	38460.00	575.44	1.362089e+05	4.872586e+00	6.443207e+00	185.16	1.885956e-07	4405	3.460e-02
135kHz_100dA_100Mss_NE5Xd165.txt	19/06/2024 16:41:38	-1.1	222.17	7.31	38460.00	592.20	1.362089e+05	4.995016e+00	6.442989e+00	189.56	1.883359e-07	4405	3.525e-02
135kHz_100dA_100Mss_NE5Xd166.txt	19/06/2024 16:41:39	-1.1	223.21	7.43	38460.00	579.69	1.362089e+05	4.903601e+00	6.446654e+00	190.32	1.927318e-07	4405	3.475e-02
135kHz_100dA_100Mss_NE5Xd167.txt	19/06/2024 16:41:39	-1.1	223.63	7.38	38460.00	580.33	1.362089e+05	4.918828e+00	6.444370e+00	188.27	1.899937e-07	4405	3.506e-02
135kHz_100dA_100Mss_NE5Xd168.txt	19/06/2024 16:41:40	-1.0	224.86	7.42	38460.00	585.35	1.362089e+05	4.954183e+00	6.445340e+00	190.75	1.911582e-07	4405	3.494e-02
135kHz_100dA_100Mss_NE5Xd169.txt	19/06/2024 16:41:40	-1.0	226.53	7.47	38460.00	586.16	1.361779e+05	4.966383e+00	6.447434e+00	193.63	1.936686e-07	4406	3.508e-02
135kHz_100dA_100Mss_NE5Xd170.txt	19/06/2024 16:41:41	-1.0	226.77	7.44	38460.00	585.15	1.362089e+05	4.962131e+00	6.446308e+00	192.19	1.923211e-07	4405	3.519e-02
135kHz_100dA_100Mss_NE5Xd171.txt	19/06/2024 16:41:42	-0.9	229.08	7.54	38460.00	588.77	1.362089e+05	4.987574e+00	6.448747e+00	196.04	1.952453e-07	4405	3.510e-02
135kHz_100dA_100Mss_NE5Xd172.txt	19/06/2024 16:41:42	-0.9	228.58	7.50	38460.00	589.38	1.362089e+05	4.992352e+00	6.447189e+00	194.39	1.933756e-07	4405	3.519e-02
135kHz_100dA_100Mss_NE5Xd173.txt	19/06/2024 16:41:43	-0.7	229.58	7.53	38460.00	592.25	1.362089e+05	5.015456e+00	6.448223e+00	196.51	1.946171e-07	4405	3.519e-02
135kHz_100dA_100Mss_NE5Xd174.txt	19/06/2024 16:41:43	-0.7	230.60	7.52	38460.00	592.67	1.361779e+05	5.016512e+00	6.449577e+00	198.11	1.962445e-07	4406	3.527e-02
135kHz_100dA_100Mss_NE5Xd175.txt	19/06/2024 16:41:44	-0.8	230.09	7.54	38460.00	588.64	1.361779e+05	4.988155e+00	6.448688e+00	195.95	1.951758e-07	4406	3.516e-02
135kHz_100dA_100Mss_NE5Xd176.txt	19/06/2024 16:41:44	-0.8	230.20	7.53	38460.00	587.13	1.362089e+05	4.980379e+00	6.449295e+00	196.40	1.959099e-07	4405	3.520e-02
135kHz_100dA_100Mss_NE5Xd177.txt	19/06/2024 16:41:45	-0.7	230.82	7.54	38460.00	591.57	1.362089e+05	5.007629e+00	6.449458e+00	197.66	1.960999e-07	4405	3.526e-02
135kHz_100dA_100Mss_NE5Xd178.txt	19/06/2024 16:41:45	-0.7	230.30	7.61	38460.00	591.50	1.362089e+05	5.008270e+00	6.450437e+00	198.84	1.972750e-07	4405	3.470e-02
135kHz_100dA_100Mss_NE5Xd179.txt	19/06/2024 16:41:46	-0.7	231.43	7.58	38460.00	590.81	1.362089e+05	5.007850e+00	6.450708e+00	199.14	1.976023e-07	4405	3.503e-02
135kHz_100dA_100Mss_NE5Xd180.txt	19/06/2024 16:41:46	-0.7	231.16	7.64	38460.00	584.29	1.362089e+05	4.957625e+00	6.452457e+00	199.18	1.997061e-07	4405	3.468e-02
135kHz_100dA_100Mss_NE5Xd181.txt	19/06/2024 16:41:47	-0.7	231.37	7.58	38460.00	591.37	1.361779e+05	5.012999e+00	6.450492e+00	199.05	1.973439e-07	4406	3.486e-02
135kHz_100dA_100Mss_NE5Xd182.txt	19/06/2024 16:41:47	-0.7	232.79	7.61	38460.00	597.03	1.362089e+05	5.053488e+00	6.451538e+00	201.94	1.986008e-07	4405	3.486e-02
135kHz_100dA_100Mss_NE5Xd183.txt	19/06/2024 16:41:48	-0.6	232.30	7.59	38460.00	593.16	1.362089e+05	5.031111e+00	6.451420e+00	200.91	1.984596e-07	4405	3.480e-02
135kHz_100dA_100Mss_NE5Xd184.txt	19/06/2024 16:41:48	-0.6	231.76	7.62	38460.00	591.89	1.362089e+05	5.016144e+00	6.452050e+00	201.06	1.992154e-07	4405	3.470e-02
135kHz_100dA_100Mss_NE5Xd185.txt	19/06/2024 16:41:49	-0.6	233.53	7.64	38460.00	595.55	1.361779e+05	5.044631e+00	6.453624e+00	204.02	2.011057e-07	4406	3.484e-02
135kHz_100dA_100Mss_NE5Xd186.txt	19/06/2024 16:41:50	-0.6	232.53	7.64	38460.00	592.30	1.362089e+05	5.013679e+00	6.452928e+00	201.99	2.002740e-07	4405	3.466e-02
135kHz_100dA_100Mss_NE5Xd187.txt	19/06/2024 16:41:50	-0.6	232.16	7.56	38460.00	600.15	1.362089e+05	5.078681e+00	6.450002e+00	201.12	1.967533e-07	4405	3.498e-02
135kHz_100dA_100Mss_NE5Xd188.txt	19/06/2024 16:41:51	-0.6	232.96	7.60	38460.00	600.46	1.361779e+05	5.078767e+00	6.452114e+00	203.60	1.992952e-07	4406	3.477e-02
135kHz_100dA_100Mss_NE5Xd189.txt	19/06/2024 16:41:51	-0.6	232.89	7.58	38460.00	599.54	1.361779e+05	5.079856e+00	6.450998e+00	202.31	1.979534e-07	4406	3.484e-02
135kHz_100dA_100Mss_NE5Xd190.txt	19/06/2024 16:41:52	-0.6	232.75	7.61	38460.00	594.60	1.362089e+05	5.036123e+00	6.452569e+00	202.47	1.998397e-07	4405	3.480e-02
135kHz_100dA_100Mss_NE5Xd191.txt	19/06/2024 16:41:53	-0.5	232.10	7.63	38460.00	592.36	1.362089e+05	5.019291e+00	6.452695e+00	201.94	1.999901e-07	4405	3.446e-02
135kHz_100dA_100Mss_NE5Xd192.txt	19/06/2024 16:41:53	-0.5	232.03	7.62	38460.00	590.28	1.362089e+05	5.004623e+00	6.452753e+00	201.42	2.000593e-07	4405	3.451e-02
135kHz_100dA_100Mss_NE5Xd193.txt	19/06/2024 16:41:54	-0.5	231.58	7.59	38460.00	594.21	1.362089e+05	5.028537e+00	6.451217e+00	200.57	1.982197e-07	4405	3.465e-02
135kHz_100dA_100Mss_NE5Xd194.txt	19/06/2024 16:41:54	-0.5	232.55	7.67	38460.00	589.86	1.362089e+05	5.000040e+00	6.454910e+00	203.77	2.026585e-07	4405	3.436e-02
135kHz_100dA_100Mss_NE5Xd195.txt	19/06/2024 16:41:55	-0.5	232.88	7.64	38460.00	599.64	1.362089e+05	5.069889e+00	6.453432e+00	204.86	2.008786e-07	4405	3.445e-02
135kHz_100dA_100Mss_NE5Xd196.txt	19/06/2024 16:41:55	-0.5	231.94	7.61	38460.00	598.32	1.362089e+05	5.055742e+00	6.452560e+00	203.25	1.998308e-07	4405	3.427e-02
135kHz_100dA_100Mss_NE5Xd197.txt	19/06/2024 16:41:56	-0.4	231.98	7.65	38460.00	592.31	1.362089e+05	5.018947e+00	6.453885e+00	203.33	2.014243e-07	4405	3.438e-02
135kHz_100dA_100Mss_NE5Xd198.txt	19/06/2024 16:41:56	-0.4	231.51	7.57	38460.00	603.60	1.361779e+05	5.099747e+00	6.450496e+00	202.50	1.973471e-07	4406	3.446e-02
135kHz_100dA_100Mss_NE5Xd199.txt	19/06/2024 16:41:57	-0.5	232.04	7.56	38460.00	607.77	1.362089e+05	5.134356e+00	6.451013e+00	204.54	1.979671e-07	4405	3.452e-02
135kHz_100dA_100Mss_NE5Xd200.txt	19/06/2024 16:41:57	-0.5	230.89	7.62	38460.00	597.98	1.362089e+05	5.054244e+00	6.452218e+00	202.78	1.994165e-07	4405	3.421e-02
135kHz_100dA_100Mss_NE5Xd201.txt	19/06/2024 16:41:58	-0.5	230.56	7.58	38460.00	595.96	1.362089e+05	5.050139e+00	6.451849e+00	202.18	1.989743e-07	4405	3.409e-02
135kHz_100dA_100Mss_NE5Xd202.txt	19/06/2024 16:41:58	-0.5	232.12	7.59	38460.00	600.87	1.362089e+05	5.087608e+00	6.452737e+00	204.74	2.000415e-07	4405	3.435e-02
135kHz_100dA_100Mss_NE5Xd203.txt	19/06/2024 16:41:59	-0.4	231.82	7.62	38460.00	593.73	1.362089e+05	5.028252e+00	6.453935e+00	203.77	2.014861e-07	4405	3.411e-02
135kHz_100dA_100Mss_NE5Xd204.txt	19/06/2024 16:41:59	-0.4	230.57	7.55	38460.00	601.86	1.362089e+05	5.081778e+00	6.450868e+00	202.27	1.977965e-07	4405	3.418e-02
135kHz_100dA_100Mss_NE5Xd205.txt	19/06/2024 16:42:00	-0.4	229.64	7.53	38460.00	603.54	1.362089e+05	5.095962e+00	6.449464e+00	201.16	1.961115e-07	4405	3.407e-02
135kHz_100dA_100Mss_NE5Xd206.txt	19/06/2024 16:42:00	-0.4	230.10	7.51	38460.00	604.73	1.361779e+05	5.106213e+00	6.450449e+00	202.70	1.972938e-07	4406	3.427e-02
135kHz_100dA_100Mss_NE5Xd207.txt	19/06/2024 16:42:01	-0.4	230.90	7.59	38460.00	598.79	1.362089e+05	5.062198e+00	6.452826e+00	203.82	2.001500e-07	4405	3.390e-02
135kHz_100dA_100Mss_NE5Xd208.txt	19/06/2024 16:42:01	-0.4	230.36	7.60	38460.00	590.62	1.361779e+05	5.007218e+00	6.453433e+00	202.28	2.008811e-07	4406	3.388e-02
135kHz_100dA_100Mss_NE5Xd209.txt	19/06/2024 16:42:02	-0.4	229.68	7.54	38460.00	595.97	1.362089e+05	5.044416e+00	6.451223e+00	201.21	1.982267e-07	4405	3.390e-02
135kHz_100dA_100Mss_NE5Xd210.txt	19/06/2024 16:42:03	-0.4	228.95	7.53	38460.00	598.90	1.361779e+05	5.059247e+00	6.450726e+00	201.16	1.976281e-07	4406	3.386e-02
135kHz_100dA_100Mss_NE5Xd211.txt	19/06/2024 16:42:03	-0.4	229.60	7.49	38460.00	606.55	1.362089e+05	5.122787e+00	6.449551e+00	202.32	1.962137e-07	4405	3.420e-02
135kHz_100dA_100Mss_NE5Xd212.txt	19/06/2024 16:42:04	-0.4	228.86	7.53	38460.00	594.88	1.362089e+05	5.035940e+00	6.451237e+00	200.89	1.982368e-07	4405	3.384e-02
135kHz_100dA_100Mss_NE5Xd213.txt	19/06/2024 16:42:04	-0.4	229.42	7.55	38460.00	597.62	1.362089e+05	5.054985e+00	6.452120e+00	202.70	1.992990e-07	4405	3.384e-02
135kHz_100dA_100Mss_NE5Xd214.txt	19/06/2024 16:42:05	-0.4	229.45	7.54	38460.00	598.26	1.362089e+05	5.056007e+00	6.451578e+00	202.09	1.986520e-07	4405	3.387e-02
135kHz_100dA_100Mss_NE5Xd215.txt	19/06/2024 16:42:05	-0.4	229.12	7.56	38460.00	594.58	1.362089e+05	5.029085e+00	6.451905e+00	201.40	1.990463e-07	4405	3.369e-02
135kHz_100dA_100Mss_NE5Xd216.txt	19/06/2024 16:42:06	-0.4	229.63	7.54	38460.00	598.20	1.362089e+05	5.062908e+00	6.452309e+00	203.24	1.995291e-07	4405	3.380e-02
135kHz_100dA_100Mss_NE5Xd217.txt	19/06/2024 16:42:06	-0.4	230.10	7.52	38460.00	608.23	1.362089e+05	5.134127e+00	6.451333e+00	204.92	1.983543e-07	4405	3.397e-02
135kHz_100dA_100Mss_NE5Xd218.txt	19/06/2024 16:42:07	-0.4	226.59	7.41	38460.00	606.54	1.361779e+05	5.111481e+00	6.446673e+00	198.37	1.927586e-07	4406	3.399e-02
135kHz_100dA_100Mss_NE5Xd219.txt	19/06/2024 16:42:07	-0.4	228.64	7.56	38460.00	594.62	1.361779e+05	5.030468e+00	6.452733e+00	202.39	2.000413e-07	4406	3.354e-02
135kHz_100dA_100Mss_NE5Xd220.txt	19/06/2024 16:42:08	-0.4	229.18	7.50	38460.00	604.88	1.362089e+05	5.107838e+00	6.450832e+00	203.27	1.977551e-07	4405	3.388e-02
135kHz_100dA_100Mss_NE5Xd221.txt	19/06/2024 16:42:09	-0.3	229.26	7.47	38460.00	610.53	1.362089e+05	5.148732e+00	6.449559e+00	203.35	1.962201e-07	4405	3.408e-02
135kHz_100dA_100Mss_NE5Xd222.txt	19/06/2024 16:42:09	-0.3	228.89	7.49	38460.00	607.40	1.361779e+05	5.123818e+00	6.450544e+00	203.51	1.974050e-07	4406	3.387e-02
135kHz_100dA_100Mss_NE5Xd223.txt	19/06/2024 16:42:10	-0.3	229.32	7.47	38460.00	612.09	1.362089e+05	5.160718e+00	6.449712e+00	204.01	1.964099e-07	4405	3.396e-02
135kHz_100dA_100Mss_NE5Xd224.txt	19/06/2024 16:42:10	-0.3	228.61	7.49	38460.00	604.36	1.362089e+05	5.101794e+00	6.451050e+00	203.29	1.980153e-07	4405	3.371e-02
135kHz_100dA_100Mss_NE5Xd225.txt	19/06/2024 16:42:11	-0.3	228.26	7.53	38460.00	594.26	1.362089e+05	5.029154e+00	6.452421e+00	202.02	1.996637e-07	4405	3.345e-02
135kHz_100dA_100Mss_NE5Xd226.txt	19/06/2024 16:42:11	-0.3	227.56	7.49	38460.00	602.00	1.362089e+05	5.084193e+00	6.450380e+00	201.79	1.972082e-07	4405	3.349e-02
135kHz_100dA_100Mss_NE5Xd227.txt	19/06/2024 16:42:12	-0.3	227.09	7.46	38460.00	604.82	1.362089e+05	5.100648e+00	6.448998e+00	200.78	1.955507e-07	4405	3.363e-02
135kHz_100dA_100Mss_NE5Xd228.txt	19/06/2024 16:42:13	-0.4	228.80	7.52	38460.00	597.01	1.362089e+05	5.049392e+00	6.453553e+00	204.17	2.010267e-07	4405	3.358e-02
135kHz_100dA_100Mss_NE5Xd229.txt	19/06/2024 16:42:13	-0.4	227.43	7.47	38460.00	598.99	1.361779e+05	5.063357e+00	6.451505e+00	202.25	1.985642e-07	4406	3.357e-02
135kHz_100dA_100Mss_NE5Xd230.txt	19/06/2024 16:42:14	-0.3	228.05	7.49	38460.00	595.61	1.362089e+05	5.042464e+00	6.451643e+00	201.63	1.987276e-07	4405	3.363e-02
135kHz_100dA_100Mss_NE5Xd231.txt	19/06/2024 16:42:14	-0.3	228.32	7.49	38460.00	604.84	1.362089e+05	5.108091e+00	6.451550e+00	204.14	1.986154e-07	4405	3.356e-02
135kHz_100dA_100Mss_NE5Xd232.txt	19/06/2024 16:42:15	-0.3	227.68	7.49	38460.00	604.05	1.361779e+05	5.095181e+00	6.451579e+00	203.61	1.986506e-07	4406	3.346e-02
135kHz_100dA_100Mss_NE5Xd233.txt	19/06/2024 16:42:15	-0.3	227.32	7.49	38460.00	600.48	1.362089e+05	5.076389e+00	6.452063e+00	203.49	1.992357e-07	4405	3.334e-02
135kHz_100dA_100Mss_NE5Xd234.txt	19/06/2024 16:42:16	-0.3	226.47	7.46	38460.00	599.88	1.361779e+05	5.070402e+00	6.450530e+00	201.37	1.973941e-07	4406	3.341e-02
135kHz_100dA_100Mss_NE5Xd235.txt	19/06/2024 16:42:16	-0.3	227.82	7.47	38460.00	603.14	1.362089e+05	5.097448e+00	6.451253e+00	203.36	1.982574e-07	4405	3.359e-02
135kHz_100dA_100Mss_NE5Xd236.txt	19/06/2024 16:42:17	-0.2	227.37	7.43	38460.00	606.77	1.362089e+05	5.121825e+00	6.449607e+00	202.35	1.962809e-07	4405	3.366e-02
135kHz_100dA_100Mss_NE5Xd237.txt	19/06/2024 16:42:17	-0.2	228.20	7.43	38460.00	611.52	1.362089e+05	5.156244e+00	6.450656e+00	204.98	1.975406e-07	4405	3.377e-02
135kHz_100dA_100Mss_NE5Xd238.txt	19/06/2024 16:42:18	-0.3	227.42	7.47	38460.00	602.53	1.361779e+05	5.092327e+00	6.451759e+00	203.71	1.988692e-07	4406	3.347e-02
135kHz_100dA_100Mss_NE5Xd239.txt	19/06/2024 16:42:18	-0.3	226.56	7.41	38460.00	607.25	1.361779e+05	5.125913e+00	6.449299e+00	202.09	1.959125e-07	4406	3.352e-02
135kHz_100dA_100Mss_NE5Xd240.txt	19/06/2024 16:42:19	-0.2	228.55	7.47	38460.00	611.71	1.362089e+05	5.151055e+00	6.452322e+00	206.79	1.995455e-07	4405	3.353e-02
135kHz_100dA_100Mss_NE5Xd241.txt	19/06/2024 16:42:19	-0.2	226.53	7.44	38460.00	600.44	1.362089e+05	5.073921e+00	6.450076e+00	201.02	1.968427e-07	4405	3.340e-02
135kHz_100dA_100Mss_NE5Xd242.txt	19/06/2024 16:42:20	-0.2	227.54	7.41	38460.00	612.96	1.362089e+05	5.169803e+00	6.449240e+00	203.80	1.958369e-07	4405	3.383e-02
135kHz_100dA_100Mss_NE5Xd243.txt	19/06/2024 16:42:20	-0.2	226.75	7.42	38460.00	604.78	1.361779e+05	5.103290e+00	6.450239e+00	202.33	1.970410e-07	4406	3.351e-02
135kHz_100dA_100Mss_NE5Xd244.txt	19/06/2024 16:42:21	-0.2	227.22	7.39	38460.00	612.54	1.361779e+05	5.163861e+00	6.448902e+00	203.11	1.954372e-07	4406	3.374e-02
135kHz_100dA_100Mss_NE5Xd245.txt	19/06/2024 16:42:21	-0.2	228.42	7.42	38460.00	616.68	1.362089e+05	5.197727e+00	6.450205e+00	206.08	1.970009e-07	4405	3.375e-02
135kHz_100dA_100Mss_NE5Xd246.txt	19/06/2024 16:42:22	-0.2	226.69	7.45	38460.00	601.73	1.362089e+05	5.076997e+00	6.451194e+00	202.47	1.981899e-07	4405	3.322e-02
135kHz_100dA_100Mss_NE5Xd247.txt	19/06/2024 16:42:23	-0.2	227.22	7.41	38460.00	612.21	1.361779e+05	5.166243e+00	6.450501e+00	205.14	1.973567e-07	4406	3.367e-02
135kHz_100dA_100Mss_NE5Xd248.txt	19/06/2024 16:42:23	-0.2	227.79	7.37	38460.00	619.18	1.362089e+05	5.212874e+00	6.449177e+00	205.42	1.957670e-07	4405	3.379e-02
135kHz_100dA_100Mss_NE5Xd249.txt	19/06/2024 16:42:24	-0.2	226.56	7.44	38460.00	602.03	1.361779e+05	5.087239e+00	6.451773e+00	203.53	1.988884e-07	4406	3.320e-02
135kHz_100dA_100Mss_NE5Xd250.txt	19/06/2024 16:42:24	-0.2	226.18	7.37	38460.00	611.53	1.362089e+05	5.155775e+00	6.448340e+00	202.15	1.947588e-07	4405	3.342e-02
135kHz_100dA_100Mss_NE5Xd251.txt	19/06/2024 16:42:25	-0.2	226.57	7.37	38460.00	616.89	1.362089e+05	5.190882e+00	6.447993e+00	203.11	1.943414e-07	4405	3.362e-02
135kHz_100dA_100Mss_NE5Xd252.txt	19/06/2024 16:42:26	-0.2	225.89	7.40	38460.00	605.68	1.362089e+05	5.110659e+00	6.449517e+00	201.80	1.961756e-07	4405	3.329e-02
135kHz_100dA_100Mss_NE5Xd253.txt	19/06/2024 16:42:26	-0.2	225.75	7.40	38460.00	605.25	1.362089e+05	5.104654e+00	6.450075e+00	202.23	1.968467e-07	4405	3.324e-02
135kHz_100dA_100Mss_NE5Xd254.txt	19/06/2024 16:42:27	-0.2	225.66	7.38	38460.00	607.98	1.361779e+05	5.126882e+00	6.449260e+00	202.08	1.958673e-07	4406	3.333e-02
135kHz_100dA_100Mss_NE5Xd255.txt	19/06/2024 16:42:27	-0.2	227.06	7.43	38460.00	608.78	1.361779e+05	5.134895e+00	6.451932e+00	205.63	1.990791e-07	4406	3.335e-02
135kHz_100dA_100Mss_NE5Xd256.txt	19/06/2024 16:42:28	-0.2	226.69	7.34	38460.00	619.31	1.362089e+05	5.214300e+00	6.448232e+00	204.32	1.946298e-07	4405	3.367e-02
135kHz_100dA_100Mss_NE5Xd257.txt	19/06/2024 16:42:28	-0.2	227.09	7.41	38460.00	611.97	1.362089e+05	5.160207e+00	6.450365e+00	204.79	1.971949e-07	4405	3.330e-02
135kHz_100dA_100Mss_NE5Xd258.txt	19/06/2024 16:42:29	-0.2	225.10	7.33	38460.00	611.29	1.361779e+05	5.150911e+00	6.447520e+00	200.92	1.937737e-07	4406	3.339e-02
135kHz_100dA_100Mss_NE5Xd259.txt	19/06/2024 16:42:29	-0.2	226.77	7.41	38460.00	607.43	1.361779e+05	5.128255e+00	6.451015e+00	204.25	1.979739e-07	4406	3.333e-02
135kHz_100dA_100Mss_NE5Xd260.txt	19/06/2024 16:42:30	-0.2	226.27	7.34	38460.00	613.04	1.362089e+05	5.167310e+00	6.448747e+00	203.10	1.952504e-07	4405	3.351e-02
135kHz_100dA_100Mss_NE5Xd261.txt	19/06/2024 16:42:30	-0.2	225.90	7.33	38460.00	611.56	1.362089e+05	5.154080e+00	6.448156e+00	201.86	1.945409e-07	4405	3.355e-02
135kHz_100dA_100Mss_NE5Xd262.txt	19/06/2024 16:42:31	-0.2	225.76	7.35	38460.00	616.56	1.361779e+05	5.187709e+00	6.448484e+00	203.54	1.949332e-07	4406	3.336e-02
135kHz_100dA_100Mss_NE5Xd263.txt	19/06/2024 16:42:31	-0.2	225.68	7.33	38460.00	617.78	1.361779e+05	5.203279e+00	6.448187e+00	203.78	1.945760e-07	4406	3.339e-02
135kHz_100dA_100Mss_NE5Xd264.txt	19/06/2024 16:42:32	-0.2	225.79	7.33	38460.00	616.13	1.362089e+05	5.187727e+00	6.448126e+00	203.15	1.945037e-07	4405	3.349e-02
135kHz_100dA_100Mss_NE5Xd265.txt	19/06/2024 16:42:32	-0.2	226.53	7.34	38460.00	616.53	1.362089e+05	5.197570e+00	6.449154e+00	204.79	1.957362e-07	4405	3.362e-02
135kHz_100dA_100Mss_NE5Xd266.txt	19/06/2024 16:42:33	-0.2	226.26	7.30	38460.00	624.45	1.362089e+05	5.248386e+00	6.447757e+00	205.07	1.940583e-07	4405	3.367e-02
135kHz_100dA_100Mss_NE5Xd267.txt	19/06/2024 16:42:34	-0.2	226.17	7.36	38460.00	611.54	1.361779e+05	5.151515e+00	6.450607e+00	204.69	1.974866e-07	4406	3.344e-02
135kHz_100dA_100Mss_NE5Xd268.txt	19/06/2024 16:42:34	-0.2	225.72	7.30	38460.00	616.36	1.361779e+05	5.191817e+00	6.448240e+00	203.40	1.946415e-07	4406	3.361e-02
135kHz_100dA_100Mss_NE5Xd269.txt	19/06/2024 16:42:35	-0.2	226.12	7.32	38460.00	617.71	1.361779e+05	5.201931e+00	6.449295e+00	205.09	1.959053e-07	4406	3.343e-02
135kHz_100dA_100Mss_NE5Xd270.txt	19/06/2024 16:42:35	-0.2	225.11	7.31	38460.00	618.00	1.362089e+05	5.199006e+00	6.448642e+00	204.22	1.951223e-07	4405	3.336e-02
135kHz_100dA_100Mss_NE5Xd271.txt	19/06/2024 16:42:36	-0.2	224.63	7.31	38460.00	615.70	1.361779e+05	5.183261e+00	6.447483e+00	202.14	1.937353e-07	4406	3.329e-02
135kHz_100dA_100Mss_NE5Xd272.txt	19/06/2024 16:42:36	-0.2	226.03	7.33	38460.00	622.41	1.362089e+05	5.231895e+00	6.448578e+00	205.43	1.950472e-07	4405	3.336e-02
135kHz_100dA_100Mss_NE5Xd273.txt	19/06/2024 16:42:37	-0.2	226.13	7.37	38460.00	611.04	1.361779e+05	5.147197e+00	6.451572e+00	205.68	1.986462e-07	4406	3.328e-02
135kHz_100dA_100Mss_NE5Xd274.txt	19/06/2024 16:42:37	-0.2	225.00	7.35	38460.00	612.57	1.361779e+05	5.164212e+00	6.448875e+00	203.09	1.954046e-07	4406	3.315e-02
135kHz_100dA_100Mss_NE5Xd275.txt	19/06/2024 16:42:38	-0.2	226.30	7.32	38460.00	620.35	1.362089e+05	5.209407e+00	6.449469e+00	205.64	1.961165e-07	4405	3.351e-02
135kHz_100dA_100Mss_NE5Xd276.txt	19/06/2024 16:42:38	-0.2	226.10	7.27	38460.00	621.68	1.362089e+05	5.235094e+00	6.447372e+00	204.07	1.935989e-07	4405	3.384e-02
135kHz_100dA_100Mss_NE5Xd277.txt	19/06/2024 16:42:39	-0.2	225.26	7.28	38460.00	616.30	1.362089e+05	5.188618e+00	6.447145e+00	201.98	1.933273e-07	4405	3.352e-02
135kHz_100dA_100Mss_NE5Xd278.txt	19/06/2024 16:42:40	-0.2	224.99	7.30	38460.00	621.32	1.362089e+05	5.225192e+00	6.447061e+00	203.30	1.932241e-07	4405	3.337e-02
135kHz_100dA_100Mss_NE5Xd279.txt	19/06/2024 16:42:40	-0.2	226.04	7.30	38460.00	617.08	1.362089e+05	5.195655e+00	6.448626e+00	204.07	1.951029e-07	4405	3.345e-02
135kHz_100dA_100Mss_NE5Xd280.txt	19/06/2024 16:42:41	-0.2	225.85	7.35	38460.00	616.42	1.362089e+05	5.192453e+00	6.449749e+00	205.31	1.964526e-07	4405	3.329e-02
135kHz_100dA_100Mss_NE5Xd281.txt	19/06/2024 16:42:41	-0.2	225.12	7.26	38460.00	619.17	1.362089e+05	5.216763e+00	6.446943e+00	202.83	1.930822e-07	4405	3.354e-02
135kHz_100dA_100Mss_NE5Xd282.txt	19/06/2024 16:42:42	-0.2	225.81	7.31	38460.00	618.24	1.362089e+05	5.205116e+00	6.448856e+00	204.72	1.953826e-07	4405	3.346e-02
135kHz_100dA_100Mss_NE5Xd283.txt	19/06/2024 16:42:42	-0.2	226.14	7.30	38460.00	616.25	1.362089e+05	5.193888e+00	6.449134e+00	204.62	1.957157e-07	4405	3.352e-02
135kHz_100dA_100Mss_NE5Xd284.txt	19/06/2024 16:42:43	-0.2	225.76	7.28	38460.00	623.18	1.361779e+05	5.245936e+00	6.447379e+00	204.46	1.936043e-07	4406	3.357e-02
135kHz_100dA_100Mss_NE5Xd285.txt	19/06/2024 16:42:44	-0.2	225.24	7.26	38460.00	622.05	1.361779e+05	5.232872e+00	6.447390e+00	203.96	1.936215e-07	4406	3.364e-02
135kHz_100dA_100Mss_NE5Xd286.txt	19/06/2024 16:42:44	-0.2	225.18	7.23	38460.00	627.07	1.361779e+05	5.269129e+00	6.445592e+00	203.14	1.914641e-07	4406	3.384e-02
135kHz_100dA_100Mss_NE5Xd287.txt	19/06/2024 16:42:45	-0.2	225.80	7.26	38460.00	627.53	1.362089e+05	5.269596e+00	6.446129e+00	203.87	1.921085e-07	4405	3.365e-02
135kHz_100dA_100Mss_NE5Xd288.txt	19/06/2024 16:42:45	-0.2	225.08	7.21	38460.00	631.59	1.362089e+05	5.305530e+00	6.445501e+00	204.48	1.913506e-07	4405	3.369e-02
135kHz_100dA_100Mss_NE5Xd289.txt	19/06/2024 16:42:46	-0.2	225.37	7.27	38460.00	621.29	1.362089e+05	5.230168e+00	6.448081e+00	204.75	1.944462e-07	4405	3.350e-02
135kHz_100dA_100Mss_NE5Xd290.txt	19/06/2024 16:42:46	-0.2	225.76	7.26	38460.00	622.50	1.361779e+05	5.239167e+00	6.448109e+00	205.09	1.944821e-07	4406	3.354e-02
135kHz_100dA_100Mss_NE5Xd291.txt	19/06/2024 16:42:47	-0.2	225.25	7.27	38460.00	622.39	1.361779e+05	5.237636e+00	6.447608e+00	204.41	1.938787e-07	4406	3.348e-02
135kHz_100dA_100Mss_NE5Xd292.txt	19/06/2024 16:42:47	-0.2	226.48	7.36	38460.00	624.29	1.362089e+05	5.231511e+00	6.451117e+00	208.54	1.980942e-07	4405	3.327e-02
135kHz_100dA_100Mss_NE5Xd293.txt	19/06/2024 16:42:48	-0.2	225.70	7.28	38460.00	619.58	1.361779e+05	5.218845e+00	6.448420e+00	204.68	1.948572e-07	4406	3.351e-02
135kHz_100dA_100Mss_NE5Xd294.txt	19/06/2024 16:42:48	-0.2	225.57	7.24	38460.00	631.79	1.362089e+05	5.304152e+00	6.446582e+00	205.78	1.926495e-07	4405	3.360e-02
135kHz_100dA_100Mss_NE5Xd295.txt	19/06/2024 16:42:49	-0.1	224.16	7.17	38460.00	629.92	1.361779e+05	5.289742e+00	6.444538e+00	202.63	1.902002e-07	4406	3.383e-02
135kHz_100dA_100Mss_NE5Xd296.txt	19/06/2024 16:42:49	-0.1	225.39	7.24	38460.00	629.37	1.362089e+05	5.286852e+00	6.446789e+00	205.36	1.928976e-07	4405	3.366e-02
135kHz_100dA_100Mss_NE5Xd297.txt	19/06/2024 16:42:50	-0.2	225.31	7.23	38460.00	628.07	1.362089e+05	5.276264e+00	6.446782e+00	204.94	1.928870e-07	4405	3.359e-02
135kHz_100dA_100Mss_NE5Xd298.txt	19/06/2024 16:42:50	-0.2	225.43	7.25	38460.00	627.02	1.362089e+05	5.266641e+00	6.447493e+00	205.45	1.937435e-07	4405	3.352e-02
135kHz_100dA_100Mss_NE5Xd299.txt	19/06/2024 16:42:51	-0.2	226.10	7.25	38460.00	628.15	1.362089e+05	5.277835e+00	6.448133e+00	206.68	1.945154e-07	4405	3.361e-02
135kHz_100dA_100Mss_NE5Xd300.txt	19/06/2024 16:42:52	-0.1	225.01	7.24	38460.00	624.08	1.361779e+05	5.248928e+00	6.447418e+00	204.62	1.936548e-07	4406	3.362e-02
135kHz_100dA_100Mss_NE5Xd301.txt	19/06/2024 16:42:52	-0.1	224.26	7.17	38460.00	631.67	1.361779e+05	5.304365e+00	6.444582e+00	203.24	1.902521e-07	4406	3.380e-02
135kHz_100dA_100Mss_NE5Xd302.txt	19/06/2024 16:42:53	-0.1	225.30	7.22	38460.00	626.12	1.362089e+05	5.268431e+00	6.446934e+00	204.83	1.930732e-07	4405	3.364e-02
135kHz_100dA_100Mss_NE5Xd303.txt	19/06/2024 16:42:53	-0.1	224.51	7.18	38460.00	628.02	1.361779e+05	5.277569e+00	6.444952e+00	202.68	1.906922e-07	4406	3.381e-02
135kHz_100dA_100Mss_NE5Xd304.txt	19/06/2024 16:42:54	-0.2	224.52	7.12	38460.00	636.84	1.361779e+05	5.343926e+00	6.443256e+00	203.09	1.886587e-07	4406	3.414e-02
135kHz_100dA_100Mss_NE5Xd305.txt	19/06/2024 16:42:55	-0.1	224.45	7.19	38460.00	626.05	1.361779e+05	5.262906e+00	6.446301e+00	203.78	1.923117e-07	4406	3.373e-02
135kHz_100dA_100Mss_NE5Xd306.txt	19/06/2024 16:42:55	-0.1	225.29	7.19	38460.00	635.82	1.362089e+05	5.338194e+00	6.445373e+00	205.58	1.911981e-07	4405	3.380e-02
135kHz_100dA_100Mss_NE5Xd307.txt	19/06/2024 16:42:56	-0.1	225.27	7.17	38460.00	631.33	1.361779e+05	5.306628e+00	6.445202e+00	204.10	1.909914e-07	4406	3.401e-02
135kHz_100dA_100Mss_NE5Xd308.txt	19/06/2024 16:42:56	-0.1	224.37	7.21	38460.00	625.05	1.362089e+05	5.256100e+00	6.446029e+00	203.23	1.919851e-07	4405	3.358e-02
135kHz_100dA_100Mss_NE5Xd309.txt	19/06/2024 16:42:57	-0.2	225.63	7.17	38460.00	633.00	1.362089e+05	5.320346e+00	6.445747e+00	205.36	1.916519e-07	4405	3.394e-02
135kHz_100dA_100Mss_NE5Xd310.txt	19/06/2024 16:42:57	-0.2	224.10	7.19	38460.00	624.17	1.361779e+05	5.252666e+00	6.445569e+00	202.48	1.914354e-07	4406	3.355e-02
135kHz_100dA_100Mss_NE5Xd311.txt	19/06/2024 16:42:58	-0.2	225.07	7.16	38460.00	634.63	1.362089e+05	5.327238e+00	6.445030e+00	204.73	1.907890e-07	4405	3.378e-02
135kHz_100dA_100Mss_NE5Xd312.txt	19/06/2024 16:42:58	-0.2	223.88	7.17	38460.00	631.32	1.361779e+05	5.296316e+00	6.444817e+00	203.23	1.905343e-07	4406	3.361e-02
135kHz_100dA_100Mss_NE5Xd313.txt	19/06/2024 16:42:59	-0.2	224.61	7.12	38460.00	632.38	1.361779e+05	5.316014e+00	6.444391e+00	203.45	1.900203e-07	4406	3.397e-02
135kHz_100dA_100Mss_NE5Xd314.txt	19/06/2024 16:42:59	-0.2	225.56	7.15	38460.00	641.37	1.362089e+05	5.377726e+00	6.444391e+00	205.86	1.900257e-07	4405	3.399e-02
135kHz_100dA_100Mss_NE5Xd315.txt	19/06/2024 16:43:00	-0.1	225.20	7.17	38460.00	637.56	1.362089e+05	5.351745e+00	6.445322e+00	206.04	1.911388e-07	4405	3.391e-02
135kHz_100dA_100Mss_NE5Xd316.txt	19/06/2024 16:43:00	-0.1	224.98	7.18	38460.00	633.35	1.361779e+05	5.316653e+00	6.446279e+00	205.84	1.922868e-07	4406	3.379e-02
135kHz_100dA_100Mss_NE5Xd317.txt	19/06/2024 16:43:01	-0.2	225.55	7.19	38460.00	629.76	1.362089e+05	5.293514e+00	6.446920e+00	205.79	1.930564e-07	4405	3.377e-02
135kHz_100dA_100Mss_NE5Xd318.txt	19/06/2024 16:43:01	-0.2	224.73	7.18	38460.00	631.48	1.362089e+05	5.302323e+00	6.445719e+00	204.63	1.916194e-07	4405	3.371e-02
135kHz_100dA_100Mss_NE5Xd319.txt	19/06/2024 16:43:02	-0.2	225.08	7.10	38460.00	641.85	1.362089e+05	5.381699e+00	6.443281e+00	204.60	1.886897e-07	4405	3.416e-02
135kHz_100dA_100Mss_NE5Xd320.txt	19/06/2024 16:43:02	-0.2	225.26	7.18	38460.00	633.33	1.362089e+05	5.315626e+00	6.445660e+00	205.07	1.915449e-07	4405	3.381e-02
135kHz_100dA_100Mss_NE5Xd321.txt	19/06/2024 16:43:03	-0.1	225.77	7.18	38460.00	638.72	1.362089e+05	5.362124e+00	6.445866e+00	207.12	1.917932e-07	4405	3.381e-02
135kHz_100dA_100Mss_NE5Xd322.txt	19/06/2024 16:43:03	-0.1	225.67	7.17	38460.00	639.88	1.362089e+05	5.370526e+00	6.445938e+00	207.54	1.918784e-07	4405	3.371e-02
135kHz_100dA_100Mss_NE5Xd323.txt	19/06/2024 16:43:05	-0.1	224.82	7.17	38460.00	632.54	1.362089e+05	5.311639e+00	6.445459e+00	204.66	1.913062e-07	4405	3.380e-02
135kHz_100dA_100Mss_NE5Xd324.txt	19/06/2024 16:43:05	-0.1	224.49	7.10	38460.00	644.06	1.361779e+05	5.396417e+00	6.443043e+00	204.81	1.884051e-07	4406	3.393e-02
135kHz_100dA_100Mss_NE5Xd325.txt	19/06/2024 16:43:06	-0.2	226.01	7.11	38460.00	649.21	1.362089e+05	5.436662e+00	6.443937e+00	207.53	1.894789e-07	4405	3.421e-02
135kHz_100dA_100Mss_NE5Xd326.txt	19/06/2024 16:43:06	-0.2	225.07	7.18	38460.00	633.27	1.361779e+05	5.320989e+00	6.446088e+00	205.77	1.920560e-07	4406	3.367e-02
135kHz_100dA_100Mss_NE5Xd327.txt	19/06/2024 16:43:07	-0.2	223.44	7.15	38460.00	628.60	1.361779e+05	5.285696e+00	6.445254e+00	203.36	1.910588e-07	4406	3.344e-02
135kHz_100dA_100Mss_NE5Xd328.txt	19/06/2024 16:43:07	-0.2	225.42	7.10	38460.00	639.19	1.362089e+05	5.368493e+00	6.443779e+00	204.73	1.892909e-07	4405	3.420e-02
135kHz_100dA_100Mss_NE5Xd329.txt	19/06/2024 16:43:08	-0.1	226.66	7.14	38460.00	643.98	1.362089e+05	5.404643e+00	6.445645e+00	208.48	1.915286e-07	4405	3.412e-02
135kHz_100dA_100Mss_NE5Xd330.txt	19/06/2024 16:43:08	-0.1	224.88	7.09	38460.00	644.29	1.362089e+05	5.399436e+00	6.443091e+00	205.04	1.884635e-07	4405	3.401e-02
135kHz_100dA_100Mss_NE5Xd331.txt	19/06/2024 16:43:09	-0.1	225.39	7.12	38460.00	639.83	1.362089e+05	5.365664e+00	6.444106e+00	205.04	1.896786e-07	4405	3.404e-02
135kHz_100dA_100Mss_NE5Xd332.txt	19/06/2024 16:43:09	-0.1	225.20	7.09	38460.00	642.43	1.362089e+05	5.388453e+00	6.443345e+00	204.94	1.887668e-07	4405	3.412e-02
135kHz_100dA_100Mss_NE5Xd333.txt	19/06/2024 16:43:10	-0.1	225.04	7.12	38460.00	646.95	1.361779e+05	5.419741e+00	6.443784e+00	206.65	1.892934e-07	4406	3.390e-02
135kHz_100dA_100Mss_NE5Xd334.txt	19/06/2024 16:43:10	-0.1	225.53	7.08	38460.00	647.68	1.362089e+05	5.427486e+00	6.443395e+00	206.49	1.888305e-07	4405	3.420e-02
135kHz_100dA_100Mss_NE5Xd335.txt	19/06/2024 16:43:11	-0.1	226.55	7.13	38460.00	646.88	1.362089e+05	5.427243e+00	6.445405e+00	209.05	1.912389e-07	4405	3.413e-02
135kHz_100dA_100Mss_NE5Xd336.txt	19/06/2024 16:43:11	-0.1	226.65	7.20	38460.00	635.55	1.362089e+05	5.337558e+00	6.447372e+00	208.07	1.935992e-07	4405	3.387e-02
135kHz_100dA_100Mss_NE5Xd337.txt	19/06/2024 16:43:12	-0.2	226.26	7.11	38460.00	644.61	1.361779e+05	5.413479e+00	6.445144e+00	208.14	1.909242e-07	4406	3.412e-02
135kHz_100dA_100Mss_NE5Xd338.txt	19/06/2024 16:43:12	-0.2	224.84	7.04	38460.00	657.10	1.361779e+05	5.493222e+00	6.441215e+00	206.13	1.862168e-07	4406	3.431e-02
135kHz_100dA_100Mss_NE5Xd339.txt	19/06/2024 16:43:13	-0.1	226.03	7.12	38460.00	645.40	1.362089e+05	5.415039e+00	6.444511e+00	207.44	1.901689e-07	4405	3.412e-02
135kHz_100dA_100Mss_NE5Xd340.txt	19/06/2024 16:43:13	-0.1	225.21	7.10	38460.00	637.99	1.362089e+05	5.361711e+00	6.444533e+00	205.43	1.901948e-07	4405	3.405e-02
135kHz_100dA_100Mss_NE5Xd341.txt	19/06/2024 16:43:14	-0.1	224.78	7.07	38460.00	643.97	1.362089e+05	5.397236e+00	6.442603e+00	204.33	1.878840e-07	4405	3.418e-02
135kHz_100dA_100Mss_NE5Xd342.txt	19/06/2024 16:43:15	-0.1	225.75	7.14	38460.00	645.61	1.361779e+05	5.408288e+00	6.445240e+00	208.06	1.910402e-07	4406	3.391e-02
135kHz_100dA_100Mss_NE5Xd343.txt	19/06/2024 16:43:16	-0.1	225.82	7.10	38460.00	647.94	1.361779e+05	5.429951e+00	6.443807e+00	207.06	1.893246e-07	4406	3.422e-02
135kHz_100dA_100Mss_NE5Xd344.txt	19/06/2024 16:43:16	-0.1	224.42	7.08	38460.00	643.22	1.362089e+05	5.394878e+00	6.442803e+00	204.50	1.881191e-07	4405	3.400e-02
135kHz_100dA_100Mss_NE5Xd345.txt	19/06/2024 16:43:17	-0.1	225.16	7.11	38460.00	644.80	1.361779e+05	5.405108e+00	6.444330e+00	206.78	1.899467e-07	4406	3.390e-02
135kHz_100dA_100Mss_NE5Xd346.txt	19/06/2024 16:43:17	-0.1	225.04	7.08	38460.00	649.70	1.361779e+05	5.444652e+00	6.443810e+00	207.63	1.893241e-07	4406	3.407e-02
135kHz_100dA_100Mss_NE5Xd347.txt	19/06/2024 16:43:18	-0.1	226.37	7.06	38460.00	655.80	1.361779e+05	5.496025e+00	6.443565e+00	209.27	1.890341e-07	4406	3.448e-02
135kHz_100dA_100Mss_NE5Xd348.txt	19/06/2024 16:43:18	-0.1	224.07	7.05	38460.00	647.64	1.361779e+05	5.421190e+00	6.441754e+00	204.11	1.868614e-07	4406	3.404e-02
135kHz_100dA_100Mss_NE5Xd349.txt	19/06/2024 16:43:19	-0.1	225.53	7.07	38460.00	645.81	1.362089e+05	5.415064e+00	6.443883e+00	206.64	1.894105e-07	4405	3.415e-02
135kHz_100dA_100Mss_NE5Xd350.txt	19/06/2024 16:43:19	-0.1	225.16	7.06	38460.00	652.66	1.362089e+05	5.463929e+00	6.442848e+00	207.17	1.881711e-07	4405	3.424e-02
135kHz_100dA_100Mss_NE5Xd351.txt	19/06/2024 16:43:20	-0.1	226.18	7.01	38460.00	659.23	1.361779e+05	5.519892e+00	6.442324e+00	208.57	1.875470e-07	4406	3.457e-02
135kHz_100dA_100Mss_NE5Xd352.txt	19/06/2024 16:43:20	-0.1	226.20	7.06	38460.00	655.58	1.361779e+05	5.491677e+00	6.443719e+00	209.30	1.892183e-07	4406	3.428e-02
135kHz_100dA_100Mss_NE5Xd353.txt	19/06/2024 16:43:21	-0.1	226.73	7.12	38460.00	648.53	1.362089e+05	5.438417e+00	6.445489e+00	209.59	1.913424e-07	4405	3.417e-02
135kHz_100dA_100Mss_NE5Xd354.txt	19/06/2024 16:43:21	-0.1	225.98	7.04	38460.00	655.76	1.362089e+05	5.491369e+00	6.442731e+00	208.06	1.880348e-07	4405	3.451e-02
135kHz_100dA_100Mss_NE5Xd355.txt	19/06/2024 16:43:22	-0.1	224.42	6.99	38460.00	654.44	1.362089e+05	5.478059e+00	6.440644e+00	204.87	1.855305e-07	4405	3.449e-02
135kHz_100dA_100Mss_NE5Xd356.txt	19/06/2024 16:43:22	-0.1	224.68	7.00	38460.00	655.30	1.361779e+05	5.482052e+00	6.441359e+00	205.89	1.863916e-07	4406	3.443e-02
135kHz_100dA_100Mss_NE5Xd357.txt	19/06/2024 16:43:23	-0.1	225.53	7.07	38460.00	649.53	1.361779e+05	5.449464e+00	6.444225e+00	208.35	1.898238e-07	4406	3.415e-02
135kHz_100dA_100Mss_NE5Xd358.txt	19/06/2024 16:43:23	-0.1	224.54	7.06	38460.00	645.86	1.362089e+05	5.415557e+00	6.442957e+00	205.48	1.883064e-07	4405	3.412e-02
135kHz_100dA_100Mss_NE5Xd359.txt	19/06/2024 16:43:24	-0.1	224.50	7.03	38460.00	653.60	1.362089e+05	5.471391e+00	6.441651e+00	205.91	1.867393e-07	4405	3.409e-02
135kHz_100dA_100Mss_NE5Xd360.txt	19/06/2024 16:43:25	-0.1	224.71	7.05	38460.00	647.81	1.362089e+05	5.429256e+00	6.443142e+00	206.23	1.885279e-07	4405	3.417e-02
135kHz_100dA_100Mss_NE5Xd361.txt	19/06/2024 16:43:26	-0.1	225.59	7.03	38460.00	655.40	1.362089e+05	5.484837e+00	6.443005e+00	208.17	1.883650e-07	4405	3.440e-02
135kHz_100dA_100Mss_NE5Xd362.txt	19/06/2024 16:43:26	-0.1	224.46	7.04	38460.00	655.01	1.361779e+05	5.479694e+00	6.442785e+00	207.64	1.880987e-07	4406	3.406e-02
135kHz_100dA_100Mss_NE5Xd363.txt	19/06/2024 16:43:27	-0.1	224.64	7.04	38460.00	648.23	1.362089e+05	5.433143e+00	6.443126e+00	206.36	1.885095e-07	4405	3.419e-02
135kHz_100dA_100Mss_NE5Xd364.txt	19/06/2024 16:43:27	-0.1	224.24	7.03	38460.00	647.42	1.362089e+05	5.426439e+00	6.442738e+00	205.61	1.880396e-07	4405	3.418e-02
135kHz_100dA_100Mss_NE5Xd365.txt	19/06/2024 16:43:28	-0.1	224.87	7.05	38460.00	649.39	1.361779e+05	5.440211e+00	6.444208e+00	207.97	1.898028e-07	4406	3.415e-02
135kHz_100dA_100Mss_NE5Xd366.txt	19/06/2024 16:43:28	-0.1	224.30	7.01	38460.00	647.60	1.362089e+05	5.427275e+00	6.442254e+00	205.02	1.874611e-07	4405	3.430e-02
135kHz_100dA_100Mss_NE5Xd367.txt	19/06/2024 16:43:29	-0.1	224.73	6.96	38460.00	660.63	1.361779e+05	5.525970e+00	6.440859e+00	206.89	1.857905e-07	4406	3.453e-02
135kHz_100dA_100Mss_NE5Xd368.txt	19/06/2024 16:43:29	-0.1	223.69	6.98	38460.00	653.80	1.361779e+05	5.473478e+00	6.441296e+00	205.49	1.863145e-07	4406	3.420e-02
135kHz_100dA_100Mss_NE5Xd369.txt	19/06/2024 16:43:30	-0.1	224.20	6.99	38460.00	658.40	1.362089e+05	5.502490e+00	6.441374e+00	206.73	1.864080e-07	4405	3.441e-02
135kHz_100dA_100Mss_NE5Xd370.txt	19/06/2024 16:43:30	-0.1	223.23	6.96	38460.00	657.13	1.362089e+05	5.494841e+00	6.440280e+00	205.02	1.850957e-07	4405	3.432e-02
135kHz_100dA_100Mss_NE5Xd371.txt	19/06/2024 16:43:31	-0.1	223.56	7.00	38460.00	655.22	1.362089e+05	5.476129e+00	6.442121e+00	206.70	1.873025e-07	4405	3.420e-02
135kHz_100dA_100Mss_NE5Xd372.txt	19/06/2024 16:43:31	-0.1	223.03	7.01	38460.00	646.78	1.362089e+05	5.419569e+00	6.442251e+00	204.73	1.874603e-07	4405	3.405e-02
135kHz_100dA_100Mss_NE5Xd373.txt	19/06/2024 16:43:32	-0.1	223.13	6.96	38460.00	653.66	1.361779e+05	5.472704e+00	6.441258e+00	205.41	1.862680e-07	4406	3.434e-02
135kHz_100dA_100Mss_NE5Xd374.txt	19/06/2024 16:43:32	-0.1	223.90	6.96	38460.00	657.79	1.361779e+05	5.507253e+00	6.441644e+00	207.21	1.867336e-07	4406	3.428e-02
135kHz_100dA_100Mss_NE5Xd375.txt	19/06/2024 16:43:33	-0.1	223.31	6.99	38460.00	653.17	1.362089e+05	5.468481e+00	6.441784e+00	205.98	1.868942e-07	4405	3.413e-02
135kHz_100dA_100Mss_NE5Xd376.txt	19/06/2024 16:43:33	-0.1	222.41	6.96	38460.00	652.90	1.362089e+05	5.456919e+00	6.440541e+00	203.94	1.854074e-07	4405	3.417e-02
135kHz_100dA_100Mss_NE5Xd377.txt	19/06/2024 16:43:34	-0.1	223.14	7.04	38460.00	646.34	1.361779e+05	5.414766e+00	6.443455e+00	206.04	1.889022e-07	4406	3.385e-02
135kHz_100dA_100Mss_NE5Xd378.txt	19/06/2024 16:43:34	-0.1	222.62	6.97	38460.00	652.81	1.362089e+05	5.461576e+00	6.441183e+00	204.94	1.861797e-07	4405	3.420e-02
135kHz_100dA_100Mss_NE5Xd379.txt	19/06/2024 16:43:35	-0.1	222.37	7.04	38460.00	644.49	1.362089e+05	5.397226e+00	6.443639e+00	205.65	1.891199e-07	4405	3.371e-02
135kHz_100dA_100Mss_NE5Xd380.txt	19/06/2024 16:43:36	0.0	221.17	6.93	38460.00	651.57	1.361779e+05	5.450136e+00	6.439578e+00	202.41	1.842582e-07	4406	3.417e-02
135kHz_100dA_100Mss_NE5Xd381.txt	19/06/2024 16:43:37	0.0	221.92	6.94	38460.00	655.97	1.361779e+05	5.482046e+00	6.440488e+00	204.77	1.853485e-07	4406	3.423e-02
135kHz_100dA_100Mss_NE5Xd382.txt	19/06/2024 16:43:37	0.0	220.85	6.94	38460.00	650.35	1.361779e+05	5.436431e+00	6.440072e+00	202.53	1.848493e-07	4406	3.403e-02
135kHz_100dA_100Mss_NE5Xd383.txt	19/06/2024 16:43:38	-0.1	221.09	6.89	38460.00	659.57	1.361779e+05	5.508066e+00	6.438927e+00	203.71	1.834770e-07	4406	3.432e-02
135kHz_100dA_100Mss_NE5Xd384.txt	19/06/2024 16:43:38	-0.1	220.60	6.93	38460.00	654.00	1.362089e+05	5.460369e+00	6.438999e+00	202.09	1.835625e-07	4405	3.398e-02
135kHz_100dA_100Mss_NE5Xd385.txt	19/06/2024 16:43:39	-0.1	219.96	6.97	38460.00	644.57	1.361779e+05	5.393709e+00	6.440745e+00	201.79	1.856544e-07	4406	3.372e-02
135kHz_100dA_100Mss_NE5Xd386.txt	19/06/2024 16:43:39	-0.1	220.93	6.89	38460.00	650.35	1.361779e+05	5.445818e+00	6.439077e+00	201.60	1.836594e-07	4406	3.424e-02
135kHz_100dA_100Mss_NE5Xd387.txt	19/06/2024 16:43:40	-0.1	220.66	6.99	38460.00	643.22	1.361779e+05	5.389723e+00	6.442588e+00	203.98	1.878642e-07	4406	3.370e-02
135kHz_100dA_100Mss_NE5Xd388.txt	19/06/2024 16:43:40	-0.1	220.74	6.93	38460.00	653.76	1.362089e+05	5.461901e+00	6.440396e+00	203.94	1.852376e-07	4405	3.398e-02
135kHz_100dA_100Mss_NE5Xd389.txt	19/06/2024 16:43:41	-0.1	221.06	6.93	38460.00	653.97	1.361779e+05	5.469801e+00	6.441155e+00	205.17	1.861445e-07	4406	3.396e-02
135kHz_100dA_100Mss_NE5Xd390.txt	19/06/2024 16:43:41	-0.1	220.24	6.92	38460.00	646.85	1.362089e+05	5.410043e+00	6.439821e+00	201.27	1.845482e-07	4405	3.401e-02
135kHz_100dA_100Mss_NE5Xd391.txt	19/06/2024 16:43:42	-0.1	221.15	6.90	38460.00	659.03	1.361779e+05	5.505056e+00	6.439938e+00	204.91	1.846876e-07	4406	3.418e-02
135kHz_100dA_100Mss_NE5Xd392.txt	19/06/2024 16:43:42	-0.1	219.39	6.91	38460.00	650.54	1.362089e+05	5.433931e+00	6.439267e+00	201.45	1.838860e-07	4405	3.382e-02
135kHz_100dA_100Mss_NE5Xd393.txt	19/06/2024 16:43:43	-0.1	219.19	6.95	38460.00	643.65	1.361779e+05	5.385876e+00	6.440824e+00	201.60	1.857482e-07	4406	3.358e-02
135kHz_100dA_100Mss_NE5Xd394.txt	19/06/2024 16:43:43	-0.1	219.77	6.93	38460.00	649.91	1.362089e+05	5.432566e+00	6.440109e+00	202.48	1.848928e-07	4405	3.384e-02
135kHz_100dA_100Mss_NE5Xd395.txt	19/06/2024 16:43:44	-0.1	219.38	6.90	38460.00	648.89	1.362089e+05	5.417908e+00	6.438854e+00	200.33	1.833903e-07	4405	3.387e-02
135kHz_100dA_100Mss_NE5Xd396.txt	19/06/2024 16:43:44	-0.1	219.39	6.98	38460.00	644.60	1.362089e+05	5.390397e+00	6.441453e+00	202.62	1.865021e-07	4405	3.350e-02
135kHz_100dA_100Mss_NE5Xd397.txt	19/06/2024 16:43:45	-0.1	218.96	6.89	38460.00	654.23	1.361779e+05	5.464146e+00	6.439239e+00	202.49	1.838518e-07	4406	3.389e-02
135kHz_100dA_100Mss_NE5Xd398.txt	19/06/2024 16:43:45	-0.1	219.59	6.90	38460.00	654.90	1.362089e+05	5.468469e+00	6.439207e+00	202.66	1.838144e-07	4405	3.385e-02
135kHz_100dA_100Mss_NE5Xd399.txt	19/06/2024 16:43:46	-0.1	219.29	6.93	38460.00	651.07	1.362089e+05	5.433591e+00	6.440241e+00	202.69	1.850521e-07	4405	3.371e-02
135kHz_100dA_100Mss_NE5Xd400.txt	19/06/2024 16:43:47	-0.1	218.55	6.88	38460.00	655.53	1.362089e+05	5.472178e+00	6.438536e+00	201.93	1.830089e-07	4405	3.385e-02
135kHz_100dA_100Mss_NE5Xd401.txt	19/06/2024 16:43:47	-0.1	218.67	6.90	38460.00	649.92	1.362089e+05	5.427583e+00	6.439763e+00	201.85	1.844835e-07	4405	3.376e-02
135kHz_100dA_100Mss_NE5Xd402.txt	19/06/2024 16:43:48	-0.1	217.92	6.88	38460.00	646.32	1.362089e+05	5.398674e+00	6.439191e+00	200.05	1.837952e-07	4405	3.371e-02
135kHz_100dA_100Mss_NE5Xd403.txt	19/06/2024 16:43:48	-0.1	218.05	6.89	38460.00	653.74	1.361779e+05	5.451398e+00	6.439071e+00	201.80	1.836489e-07	4406	3.376e-02
135kHz_100dA_100Mss_NE5Xd404.txt	19/06/2024 16:43:49	0.0	217.57	6.87	38460.00	653.33	1.361779e+05	5.458292e+00	6.438915e+00	201.86	1.834644e-07	4406	3.367e-02
135kHz_100dA_100Mss_NE5Xd405.txt	19/06/2024 16:43:49	0.0	216.59	6.86	38460.00	647.53	1.361779e+05	5.402142e+00	6.437747e+00	198.29	1.820658e-07	4406	3.362e-02
135kHz_100dA_100Mss_NE5Xd406.txt	19/06/2024 16:43:50	0.0	216.90	6.86	38460.00	647.17	1.362089e+05	5.405200e+00	6.437732e+00	198.43	1.820478e-07	4405	3.370e-02
135kHz_100dA_100Mss_NE5Xd407.txt	19/06/2024 16:43:50	0.0	217.34	6.95	38460.00	638.76	1.361779e+05	5.343921e+00	6.441467e+00	200.84	1.865215e-07	4406	3.329e-02
135kHz_100dA_100Mss_NE5Xd408.txt	19/06/2024 16:43:51	0.0	216.66	6.85	38460.00	646.99	1.361779e+05	5.402311e+00	6.438159e+00	198.83	1.825608e-07	4406	3.362e-02
135kHz_100dA_100Mss_NE5Xd409.txt	19/06/2024 16:43:52	0.0	216.71	6.91	38460.00	640.96	1.362089e+05	5.358982e+00	6.440677e+00	200.45	1.855742e-07	4405	3.333e-02
135kHz_100dA_100Mss_NE5Xd410.txt	19/06/2024 16:43:52	0.0	216.76	6.87	38460.00	649.70	1.362089e+05	5.422471e+00	6.438991e+00	200.68	1.835523e-07	4405	3.349e-02
135kHz_100dA_100Mss_NE5Xd411.txt	19/06/2024 16:43:53	0.1	217.58	6.88	38460.00	642.90	1.361779e+05	5.378995e+00	6.440559e+00	201.01	1.854331e-07	4406	3.364e-02
135kHz_100dA_100Mss_NE5Xd412.txt	19/06/2024 16:43:53	0.1	216.64	6.90	38460.00	639.13	1.361779e+05	5.345103e+00	6.440800e+00	200.05	1.857236e-07	4406	3.325e-02
135kHz_100dA_100Mss_NE5Xd413.txt	19/06/2024 16:43:54	0.1	215.90	6.79	38460.00	654.13	1.362089e+05	5.453754e+00	6.435975e+00	197.96	1.799472e-07	4405	3.383e-02
135kHz_100dA_100Mss_NE5Xd414.txt	19/06/2024 16:43:54	0.1	215.82	6.80	38460.00	652.10	1.362089e+05	5.439075e+00	6.436826e+00	198.52	1.809645e-07	4405	3.376e-02
135kHz_100dA_100Mss_NE5Xd415.txt	19/06/2024 16:43:55	0.2	216.78	6.86	38460.00	650.33	1.362089e+05	5.430733e+00	6.439319e+00	201.40	1.839458e-07	4405	3.356e-02
135kHz_100dA_100Mss_NE5Xd416.txt	19/06/2024 16:43:55	0.2	215.53	6.78	38460.00	647.78	1.362089e+05	5.402202e+00	6.435963e+00	196.07	1.799332e-07	4405	3.390e-02
135kHz_100dA_100Mss_NE5Xd417.txt	19/06/2024 16:43:56	0.2	218.26	6.82	38460.00	658.99	1.362089e+05	5.493453e+00	6.437861e+00	201.84	1.822052e-07	4405	3.409e-02
135kHz_100dA_100Mss_NE5Xd418.txt	19/06/2024 16:43:57	0.0	217.48	6.86	38460.00	647.64	1.361779e+05	5.410166e+00	6.439463e+00	200.78	1.841196e-07	4406	3.369e-02
135kHz_100dA_100Mss_NE5Xd419.txt	19/06/2024 16:43:57	0.0	217.60	6.83	38460.00	658.36	1.362089e+05	5.491053e+00	6.438016e+00	201.95	1.823875e-07	4405	3.387e-02
135kHz_100dA_100Mss_NE5Xd420.txt	19/06/2024 16:43:58	-0.1	216.74	6.82	38460.00	651.73	1.361779e+05	5.445803e+00	6.437914e+00	200.11	1.822686e-07	4406	3.386e-02
135kHz_100dA_100Mss_NE5Xd421.txt	19/06/2024 16:43:58	-0.1	217.20	6.87	38460.00	649.81	1.362089e+05	5.430123e+00	6.438844e+00	200.77	1.833799e-07	4405	3.361e-02
135kHz_100dA_100Mss_NE5Xd422.txt	19/06/2024 16:43:59	0.0	216.90	6.80	38460.00	659.21	1.361779e+05	5.499438e+00	6.436576e+00	200.35	1.806642e-07	4406	3.399e-02
135kHz_100dA_100Mss_NE5Xd423.txt	19/06/2024 16:43:59	0.0	215.83	6.79	38460.00	653.00	1.361779e+05	5.453247e+00	6.436725e+00	198.86	1.808428e-07	4406	3.380e-02
135kHz_100dA_100Mss_NE5Xd424.txt	19/06/2024 16:44:00	-0.1	216.84	6.83	38460.00	654.88	1.362089e+05	5.462433e+00	6.437388e+00	200.09	1.816366e-07	4405	3.386e-02
135kHz_100dA_100Mss_NE5Xd425.txt	19/06/2024 16:44:00	-0.1	216.69	6.80	38460.00	658.32	1.362089e+05	5.493529e+00	6.436541e+00	200.13	1.806243e-07	4405	3.391e-02
135kHz_100dA_100Mss_NE5Xd426.txt	19/06/2024 16:44:01	0.0	216.31	6.80	38460.00	659.41	1.362089e+05	5.491265e+00	6.436052e+00	199.42	1.800380e-07	4405	3.387e-02
135kHz_100dA_100Mss_NE5Xd427.txt	19/06/2024 16:44:01	0.0	216.77	6.78	38460.00	657.50	1.362089e+05	5.487212e+00	6.436515e+00	199.87	1.805909e-07	4405	3.413e-02
135kHz_100dA_100Mss_NE5Xd428.txt	19/06/2024 16:44:02	0.1	217.10	6.77	38460.00	661.36	1.361779e+05	5.517855e+00	6.436860e+00	201.39	1.810087e-07	4406	3.411e-02
135kHz_100dA_100Mss_NE5Xd429.txt	19/06/2024 16:44:02	0.1	216.58	6.77	38460.00	659.79	1.361779e+05	5.502670e+00	6.436259e+00	200.06	1.802890e-07	4406	3.404e-02
135kHz_100dA_100Mss_NE5Xd430.txt	19/06/2024 16:44:03	0.1	215.44	6.79	38460.00	657.01	1.361779e+05	5.476106e+00	6.436376e+00	199.24	1.804287e-07	4406	3.383e-02
135kHz_100dA_100Mss_NE5Xd431.txt	19/06/2024 16:44:03	0.1	213.89	6.74	38460.00	654.56	1.361779e+05	5.456168e+00	6.434236e+00	195.76	1.778684e-07	4406	3.375e-02
135kHz_100dA_100Mss_NE5Xd432.txt	19/06/2024 16:44:04	0.2	216.79	6.77	38460.00	661.31	1.362089e+05	5.515520e+00	6.436521e+00	200.91	1.806037e-07	4405	3.408e-02
135kHz_100dA_100Mss_NE5Xd433.txt	19/06/2024 16:44:04	0.2	216.03	6.76	38460.00	659.78	1.361779e+05	5.502057e+00	6.436261e+00	200.04	1.802911e-07	4406	3.399e-02
135kHz_100dA_100Mss_NE5Xd434.txt	19/06/2024 16:44:05	0.2	215.84	6.80	38460.00	656.15	1.361779e+05	5.472179e+00	6.437104e+00	200.04	1.812996e-07	4406	3.382e-02
135kHz_100dA_100Mss_NE5Xd435.txt	19/06/2024 16:44:05	0.2	215.61	6.75	38460.00	661.35	1.362089e+05	5.511769e+00	6.435516e+00	199.47	1.793999e-07	4405	3.394e-02
135kHz_100dA_100Mss_NE5Xd436.txt	19/06/2024 16:44:06	0.3	215.92	6.76	38460.00	662.01	1.362089e+05	5.519024e+00	6.435972e+00	200.32	1.799478e-07	4405	3.397e-02
135kHz_100dA_100Mss_NE5Xd437.txt	19/06/2024 16:44:07	0.4	215.97	6.74	38460.00	661.94	1.361779e+05	5.520254e+00	6.435668e+00	199.93	1.795797e-07	4406	3.415e-02
135kHz_100dA_100Mss_NE5Xd438.txt	19/06/2024 16:44:07	0.4	215.41	6.71	38460.00	663.23	1.361779e+05	5.529976e+00	6.434627e+00	198.92	1.783389e-07	4406	3.412e-02
135kHz_100dA_100Mss_NE5Xd439.txt	19/06/2024 16:44:08	0.4	214.48	6.71	38460.00	662.00	1.361779e+05	5.514102e+00	6.434098e+00	197.66	1.777079e-07	4406	3.402e-02
135kHz_100dA_100Mss_NE5Xd440.txt	19/06/2024 16:44:08	0.4	214.02	6.67	38460.00	669.64	1.361779e+05	5.567586e+00	6.432543e+00	197.54	1.758483e-07	4406	3.414e-02
135kHz_100dA_100Mss_NE5Xd441.txt	19/06/2024 16:44:09	0.6	215.56	6.75	38460.00	663.27	1.362089e+05	5.528783e+00	6.436060e+00	200.79	1.800494e-07	4405	3.393e-02
135kHz_100dA_100Mss_NE5Xd442.txt	19/06/2024 16:44:09	0.6	214.39	6.67	38460.00	664.10	1.361779e+05	5.531731e+00	6.433317e+00	197.28	1.767712e-07	4406	3.424e-02
135kHz_100dA_100Mss_NE5Xd443.txt	19/06/2024 16:44:10	0.7	214.18	6.66	38460.00	670.03	1.362089e+05	5.576192e+00	6.432754e+00	198.17	1.760964e-07	4405	3.416e-02
135kHz_100dA_100Mss_NE5Xd444.txt	19/06/2024 16:44:10	0.7	214.52	6.71	38460.00	664.97	1.361779e+05	5.531396e+00	6.435279e+00	199.82	1.791188e-07	4406	3.398e-02
135kHz_100dA_100Mss_NE5Xd445.txt	19/06/2024 16:44:11	0.6	214.71	6.68	38460.00	671.51	1.362089e+05	5.585398e+00	6.433676e+00	199.71	1.772026e-07	4405	3.420e-02
135kHz_100dA_100Mss_NE5Xd446.txt	19/06/2024 16:44:11	0.6	215.23	6.68	38460.00	666.38	1.361779e+05	5.555011e+00	6.434608e+00	199.80	1.783196e-07	4406	3.419e-02
135kHz_100dA_100Mss_NE5Xd447.txt	19/06/2024 16:44:12	0.7	214.60	6.62	38460.00	677.95	1.361779e+05	5.638341e+00	6.432299e+00	199.72	1.755550e-07	4406	3.443e-02
135kHz_100dA_100Mss_NE5Xd448.txt	19/06/2024 16:44:12	0.7	212.10	6.56	38460.00	674.30	1.361779e+05	5.601527e+00	6.429518e+00	194.75	1.722340e-07	4406	3.434e-02
135kHz_100dA_100Mss_NE5Xd449.txt	19/06/2024 16:44:13	0.8	214.85	6.64	38460.00	673.91	1.361779e+05	5.608517e+00	6.433507e+00	200.27	1.770007e-07	4406	3.433e-02
135kHz_100dA_100Mss_NE5Xd450.txt	19/06/2024 16:44:13	0.8	212.90	6.65	38460.00	667.92	1.361779e+05	5.554375e+00	6.432475e+00	196.98	1.757639e-07	4406	3.399e-02
135kHz_100dA_100Mss_NE5Xd451.txt	19/06/2024 16:44:14	0.8	214.99	6.64	38460.00	674.56	1.361779e+05	5.612455e+00	6.434010e+00	201.07	1.776018e-07	4406	3.437e-02
135kHz_100dA_100Mss_NE5Xd452.txt	19/06/2024 16:44:14	0.8	213.85	6.57	38460.00	679.06	1.361779e+05	5.647416e+00	6.431051e+00	198.38	1.740654e-07	4406	3.466e-02
135kHz_100dA_100Mss_NE5Xd453.txt	19/06/2024 16:44:15	0.9	213.83	6.62	38460.00	671.28	1.361779e+05	5.593154e+00	6.433322e+00	199.47	1.767792e-07	4406	3.428e-02
135kHz_100dA_100Mss_NE5Xd454.txt	19/06/2024 16:44:15	0.9	212.84	6.60	38460.00	673.04	1.362089e+05	5.594641e+00	6.431692e+00	197.42	1.748272e-07	4405	3.439e-02
135kHz_100dA_100Mss_NE5Xd455.txt	19/06/2024 16:44:16	1.5	212.94	6.60	38460.00	674.73	1.361779e+05	5.611233e+00	6.432238e+00	198.68	1.754818e-07	4406	3.428e-02
135kHz_100dA_100Mss_NE5Xd456.txt	19/06/2024 16:44:17	2.5	212.69	6.56	38460.00	675.35	1.361779e+05	5.615878e+00	6.431049e+00	197.27	1.740622e-07	4406	3.450e-02
135kHz_100dA_100Mss_NE5Xd457.txt	19/06/2024 16:44:18	3.3	212.09	6.54	38460.00	676.54	1.361779e+05	5.625070e+00	6.430453e+00	196.81	1.733546e-07	4406	3.441e-02
135kHz_100dA_100Mss_NE5Xd458.txt	19/06/2024 16:44:18	3.3	213.01	6.62	38460.00	677.01	1.361779e+05	5.613359e+00	6.433658e+00	200.64	1.771845e-07	4406	3.414e-02
135kHz_100dA_100Mss_NE5Xd459.txt	19/06/2024 16:44:19	3.7	212.00	6.57	38460.00	670.73	1.362089e+05	5.578215e+00	6.431667e+00	196.81	1.748009e-07	4405	3.418e-02
135kHz_100dA_100Mss_NE5Xd460.txt	19/06/2024 16:44:19	3.7	212.23	6.59	38460.00	671.59	1.362089e+05	5.583754e+00	6.432480e+00	198.07	1.757728e-07	4405	3.416e-02
135kHz_100dA_100Mss_NE5Xd461.txt	19/06/2024 16:44:20	5.1	210.99	6.54	38460.00	672.82	1.361779e+05	5.592118e+00	6.430595e+00	195.84	1.735230e-07	4406	3.427e-02
135kHz_100dA_100Mss_NE5Xd462.txt	19/06/2024 16:44:20	5.1	211.33	6.48	38460.00	678.44	1.361779e+05	5.632649e+00	6.429028e+00	195.18	1.716504e-07	4406	3.460e-02
135kHz_100dA_100Mss_NE5Xd463.txt	19/06/2024 16:44:21	5.1	210.08	6.51	38460.00	668.65	1.361779e+05	5.553629e+00	6.429154e+00	192.61	1.717999e-07	4406	3.428e-02
135kHz_100dA_100Mss_NE5Xd464.txt	19/06/2024 16:44:21	5.1	210.76	6.51	38460.00	672.25	1.361779e+05	5.590220e+00	6.430019e+00	195.01	1.728340e-07	4406	3.441e-02
135kHz_100dA_100Mss_NE5Xd465.txt	19/06/2024 16:44:22	6.3	210.53	6.53	38460.00	674.80	1.362089e+05	5.604489e+00	6.430096e+00	195.66	1.729274e-07	4405	3.425e-02
135kHz_100dA_100Mss_NE5Xd466.txt	19/06/2024 16:44:22	6.3	210.51	6.48	38460.00	678.52	1.362089e+05	5.631909e+00	6.428835e+00	194.94	1.714150e-07	4405	3.450e-02
135kHz_100dA_100Mss_NE5Xd467.txt	19/06/2024 16:44:23	6.7	208.54	6.41	38460.00	677.21	1.361779e+05	5.621997e+00	6.426658e+00	191.66	1.688206e-07	4406	3.454e-02
135kHz_100dA_100Mss_NE5Xd468.txt	19/06/2024 16:44:23	6.7	209.62	6.48	38460.00	673.43	1.361779e+05	5.599619e+00	6.429232e+00	194.30	1.718946e-07	4406	3.430e-02
135kHz_100dA_100Mss_NE5Xd469.txt	19/06/2024 16:44:24	7.2	209.01	6.42	38460.00	681.04	1.362089e+05	5.649721e+00	6.426693e+00	192.70	1.688677e-07	4405	3.444e-02
135kHz_100dA_100Mss_NE5Xd470.txt	19/06/2024 16:44:24	7.2	209.70	6.47	38460.00	677.52	1.361779e+05	5.625025e+00	6.429729e+00	195.84	1.724905e-07	4406	3.428e-02
135kHz_100dA_100Mss_NE5Xd471.txt	19/06/2024 16:44:25	7.6	208.17	6.42	38460.00	676.49	1.361779e+05	5.611921e+00	6.427234e+00	192.08	1.695099e-07	4406	3.437e-02
135kHz_100dA_100Mss_NE5Xd472.txt	19/06/2024 16:44:25	7.6	208.75	6.48	38460.00	668.47	1.361779e+05	5.558164e+00	6.429500e+00	193.22	1.722138e-07	4406	3.420e-02
135kHz_100dA_100Mss_NE5Xd473.txt	19/06/2024 16:44:26	8.0	207.31	6.40	38460.00	670.49	1.361779e+05	5.567988e+00	6.426657e+00	189.82	1.688181e-07	4406	3.441e-02
135kHz_100dA_100Mss_NE5Xd474.txt	19/06/2024 16:44:26	8.0	209.49	6.50	38460.00	668.72	1.361779e+05	5.567698e+00	6.431167e+00	195.74	1.742052e-07	4406	3.414e-02
135kHz_100dA_100Mss_NE5Xd475.txt	19/06/2024 16:44:27	8.3	206.17	6.38	38460.00	681.28	1.361779e+05	5.643951e+00	6.425265e+00	190.56	1.671571e-07	4406	3.432e-02
135kHz_100dA_100Mss_NE5Xd476.txt	19/06/2024 16:44:28	8.7	206.80	6.40	38460.00	673.43	1.361779e+05	5.587281e+00	6.426391e+00	190.13	1.685016e-07	4406	3.430e-02
135kHz_100dA_100Mss_NE5Xd477.txt	19/06/2024 16:44:28	8.7	206.43	6.46	38460.00	667.81	1.362089e+05	5.545590e+00	6.427766e+00	190.55	1.701422e-07	4405	3.385e-02
135kHz_100dA_100Mss_NE5Xd478.txt	19/06/2024 16:44:29	9.1	207.15	6.42	38460.00	671.98	1.361779e+05	5.580816e+00	6.428006e+00	192.04	1.704294e-07	4406	3.415e-02
135kHz_100dA_100Mss_NE5Xd479.txt	19/06/2024 16:44:29	9.1	205.37	6.35	38460.00	676.23	1.361779e+05	5.613962e+00	6.425416e+00	189.75	1.673410e-07	4406	3.421e-02
135kHz_100dA_100Mss_NE5Xd480.txt	19/06/2024 16:44:30	9.2	207.06	6.40	38460.00	673.37	1.362089e+05	5.592297e+00	6.427326e+00	191.58	1.696160e-07	4405	3.423e-02
135kHz_100dA_100Mss_NE5Xd481.txt	19/06/2024 16:44:30	9.2	206.56	6.37	38460.00	674.27	1.362089e+05	5.599452e+00	6.426521e+00	190.76	1.686559e-07	4405	3.433e-02
135kHz_100dA_100Mss_NE5Xd482.txt	19/06/2024 16:44:31	9.5	205.70	6.33	38460.00	678.75	1.362089e+05	5.627468e+00	6.424593e+00	189.15	1.663594e-07	4405	3.437e-02
135kHz_100dA_100Mss_NE5Xd483.txt	19/06/2024 16:44:31	9.5	206.42	6.35	38460.00	679.36	1.361779e+05	5.636651e+00	6.425790e+00	191.01	1.677906e-07	4406	3.438e-02
135kHz_100dA_100Mss_NE5Xd484.txt	19/06/2024 16:44:32	9.8	205.72	6.32	38460.00	682.78	1.361779e+05	5.661818e+00	6.424933e+00	190.72	1.667644e-07	4406	3.441e-02
135kHz_100dA_100Mss_NE5Xd485.txt	19/06/2024 16:44:32	9.8	205.99	6.33	38460.00	680.01	1.361779e+05	5.640006e+00	6.426018e+00	191.43	1.680577e-07	4406	3.441e-02
135kHz_100dA_100Mss_NE5Xd486.txt	19/06/2024 16:44:33	10.1	205.51	6.27	38460.00	685.46	1.361779e+05	5.683415e+00	6.423796e+00	189.92	1.654097e-07	4406	3.471e-02
135kHz_100dA_100Mss_NE5Xd487.txt	19/06/2024 16:44:33	10.1	204.69	6.34	38460.00	671.20	1.361779e+05	5.572277e+00	6.426104e+00	189.24	1.681615e-07	4406	3.420e-02
135kHz_100dA_100Mss_NE5Xd488.txt	19/06/2024 16:44:34	10.3	205.14	6.35	38460.00	672.29	1.362089e+05	5.583066e+00	6.426104e+00	189.65	1.681598e-07	4405	3.427e-02
135kHz_100dA_100Mss_NE5Xd489.txt	19/06/2024 16:44:34	10.3	206.36	6.35	38460.00	680.98	1.361779e+05	5.649427e+00	6.427140e+00	193.24	1.693960e-07	4406	3.441e-02
135kHz_100dA_100Mss_NE5Xd490.txt	19/06/2024 16:44:35	10.6	204.45	6.27	38460.00	679.88	1.361779e+05	5.636875e+00	6.424171e+00	188.86	1.658584e-07	4406	3.451e-02
135kHz_100dA_100Mss_NE5Xd491.txt	19/06/2024 16:44:35	10.6	204.37	6.29	38460.00	680.24	1.361779e+05	5.639042e+00	6.424331e+00	189.15	1.660493e-07	4406	3.437e-02
135kHz_100dA_100Mss_NE5Xd492.txt	19/06/2024 16:44:36	10.9	203.84	6.30	38460.00	673.65	1.362089e+05	5.590158e+00	6.424725e+00	188.07	1.665183e-07	4405	3.426e-02
135kHz_100dA_100Mss_NE5Xd493.txt	19/06/2024 16:44:36	10.9	203.31	6.28	38460.00	674.89	1.361779e+05	5.596580e+00	6.424265e+00	187.64	1.659632e-07	4406	3.422e-02
135kHz_100dA_100Mss_NE5Xd494.txt	19/06/2024 16:44:37	11.1	203.00	6.29	38460.00	675.32	1.362089e+05	5.601158e+00	6.424273e+00	187.84	1.659747e-07	4405	3.417e-02
135kHz_100dA_100Mss_NE5Xd495.txt	19/06/2024 16:44:38	11.5	202.76	6.24	38460.00	679.72	1.362089e+05	5.628473e+00	6.422732e+00	186.71	1.641409e-07	4405	3.438e-02
135kHz_100dA_100Mss_NE5Xd496.txt	19/06/2024 16:44:38	11.5	202.70	6.24	38460.00	682.61	1.362089e+05	5.650013e+00	6.422791e+00	187.50	1.642099e-07	4405	3.433e-02
135kHz_100dA_100Mss_NE5Xd497.txt	19/06/2024 16:44:39	11.7	203.14	6.31	38460.00	671.77	1.362089e+05	5.573073e+00	6.425917e+00	189.07	1.679401e-07	4405	3.392e-02
135kHz_100dA_100Mss_NE5Xd498.txt	19/06/2024 16:44:39	11.7	202.07	6.22	38460.00	679.23	1.361779e+05	5.630855e+00	6.422947e+00	187.03	1.643978e-07	4406	3.434e-02
135kHz_100dA_100Mss_NE5Xd499.txt	19/06/2024 16:44:40	11.9	201.70	6.19	38460.00	685.33	1.361779e+05	5.666531e+00	6.421415e+00	186.17	1.625727e-07	4406	3.442e-02
135kHz_100dA_100Mss_NE5Xd500.txt	19/06/2024 16:44:40	11.9	201.56	6.20	38460.00	680.78	1.361779e+05	5.638925e+00	6.421765e+00	185.73	1.629882e-07	4406	3.443e-02
135kHz_100dA_100Mss_NE5Xd501.txt	19/06/2024 16:44:41	12.1	202.23	6.23	38460.00	679.85	1.362089e+05	5.628370e+00	6.422761e+00	186.75	1.641776e-07	4405	3.435e-02
135kHz_100dA_100Mss_NE5Xd502.txt	19/06/2024 16:44:41	12.1	201.95	6.24	38460.00	673.79	1.361779e+05	5.591063e+00	6.424048e+00	187.17	1.657108e-07	4406	3.420e-02
135kHz_100dA_100Mss_NE5Xd503.txt	19/06/2024 16:44:42	12.3	201.24	6.25	38460.00	670.71	1.362089e+05	5.560172e+00	6.424193e+00	186.36	1.658834e-07	4405	3.398e-02
135kHz_100dA_100Mss_NE5Xd504.txt	19/06/2024 16:44:42	12.3	200.32	6.17	38460.00	678.92	1.361779e+05	5.620657e+00	6.421405e+00	184.65	1.625580e-07	4406	3.426e-02
135kHz_100dA_100Mss_NE5Xd505.txt	19/06/2024 16:44:43	12.5	200.09	6.21	38460.00	676.22	1.361779e+05	5.596529e+00	6.422353e+00	185.11	1.636900e-07	4406	3.405e-02
135kHz_100dA_100Mss_NE5Xd506.txt	19/06/2024 16:44:43	12.5	202.09	6.27	38460.00	677.53	1.361779e+05	5.607884e+00	6.425679e+00	189.89	1.676521e-07	4406	3.397e-02
135kHz_100dA_100Mss_NE5Xd507.txt	19/06/2024 16:44:44	12.7	200.21	6.22	38460.00	673.64	1.362089e+05	5.581824e+00	6.422703e+00	185.13	1.641064e-07	4405	3.398e-02
135kHz_100dA_100Mss_NE5Xd508.txt	19/06/2024 16:44:44	12.7	200.19	6.15	38460.00	680.07	1.362089e+05	5.632922e+00	6.421225e+00	184.86	1.623469e-07	4405	3.440e-02
135kHz_100dA_100Mss_NE5Xd509.txt	19/06/2024 16:44:45	12.9	199.22	6.18	38460.00	672.19	1.361779e+05	5.570451e+00	6.422072e+00	183.88	1.633523e-07	4406	3.407e-02
135kHz_100dA_100Mss_NE5Xd510.txt	19/06/2024 16:44:45	12.9	199.71	6.18	38460.00	677.83	1.362089e+05	5.616245e+00	6.421466e+00	184.63	1.626317e-07	4405	3.411e-02
135kHz_100dA_100Mss_NE5Xd511.txt	19/06/2024 16:44:46	13.0	199.81	6.22	38460.00	669.29	1.361779e+05	5.555210e+00	6.423776e+00	185.61	1.653862e-07	4406	3.399e-02
135kHz_100dA_100Mss_NE5Xd512.txt	19/06/2024 16:44:46	13.0	199.13	6.22	38460.00	666.06	1.361779e+05	5.524205e+00	6.423437e+00	184.13	1.649813e-07	4406	3.380e-02
135kHz_100dA_100Mss_NE5Xd513.txt	19/06/2024 16:44:48	13.4	198.56	6.18	38460.00	676.80	1.361779e+05	5.595696e+00	6.421256e+00	183.63	1.623817e-07	4406	3.395e-02
135kHz_100dA_100Mss_NE5Xd514.txt	19/06/2024 16:44:48	13.4	198.12	6.11	38460.00	683.37	1.361779e+05	5.650693e+00	6.419834e+00	183.54	1.606857e-07	4406	3.426e-02
135kHz_100dA_100Mss_NE5Xd515.txt	19/06/2024 16:44:49	13.6	199.10	6.16	38460.00	673.50	1.362089e+05	5.576780e+00	6.421728e+00	183.68	1.629442e-07	4405	3.417e-02
135kHz_100dA_100Mss_NE5Xd516.txt	19/06/2024 16:44:49	13.6	198.31	6.11	38460.00	677.83	1.361779e+05	5.614705e+00	6.420548e+00	183.32	1.615390e-07	4406	3.417e-02
135kHz_100dA_100Mss_NE5Xd517.txt	19/06/2024 16:44:50	13.7	197.25	6.07	38460.00	677.50	1.362089e+05	5.606308e+00	6.419126e+00	181.20	1.598432e-07	4405	3.431e-02
135kHz_100dA_100Mss_NE5Xd518.txt	19/06/2024 16:44:50	13.7	196.98	6.10	38460.00	678.10	1.362089e+05	5.605188e+00	6.418886e+00	180.85	1.595614e-07	4405	3.408e-02
135kHz_100dA_100Mss_NE5Xd519.txt	19/06/2024 16:44:51	14.0	196.68	6.12	38460.00	671.83	1.362089e+05	5.564790e+00	6.420272e+00	181.37	1.612113e-07	4405	3.384e-02
135kHz_100dA_100Mss_NE5Xd520.txt	19/06/2024 16:44:51	14.0	197.09	6.14	38460.00	669.71	1.361779e+05	5.549331e+00	6.421286e+00	182.15	1.624192e-07	4406	3.387e-02
135kHz_100dA_100Mss_NE5Xd521.txt	19/06/2024 16:44:52	14.1	198.68	6.15	38460.00	675.73	1.361779e+05	5.599028e+00	6.423247e+00	186.37	1.647562e-07	4406	3.407e-02
135kHz_100dA_100Mss_NE5Xd522.txt	19/06/2024 16:44:52	14.1	196.22	6.07	38460.00	675.13	1.361779e+05	5.585371e+00	6.418800e+00	180.05	1.594576e-07	4406	3.415e-02
135kHz_100dA_100Mss_NE5Xd523.txt	19/06/2024 16:44:53	14.5	197.07	6.07	38460.00	678.12	1.361779e+05	5.613659e+00	6.420610e+00	183.37	1.616134e-07	4406	3.411e-02
135kHz_100dA_100Mss_NE5Xd524.txt	19/06/2024 16:44:53	14.5	195.95	6.08	38460.00	672.83	1.362089e+05	5.568464e+00	6.419650e+00	180.67	1.604709e-07	4405	3.400e-02
135kHz_100dA_100Mss_NE5Xd525.txt	19/06/2024 16:44:54	14.7	197.04	6.08	38460.00	678.88	1.362089e+05	5.620278e+00	6.420434e+00	183.39	1.614049e-07	4405	3.416e-02
135kHz_100dA_100Mss_NE5Xd526.txt	19/06/2024 16:44:54	14.7	196.37	6.10	38460.00	670.79	1.361779e+05	5.561357e+00	6.421346e+00	182.62	1.624926e-07	4406	3.392e-02
135kHz_100dA_100Mss_NE5Xd527.txt	19/06/2024 16:44:55	14.8	196.24	6.09	38460.00	677.64	1.361779e+05	5.607563e+00	6.420340e+00	182.81	1.612931e-07	4406	3.394e-02
135kHz_100dA_100Mss_NE5Xd528.txt	19/06/2024 16:44:55	14.8	194.26	6.03	38460.00	679.74	1.361779e+05	5.616014e+00	6.417619e+00	179.47	1.580525e-07	4406	3.394e-02
135kHz_100dA_100Mss_NE5Xd529.txt	19/06/2024 16:44:56	15.0	195.87	6.10	38460.00	671.25	1.361779e+05	5.558227e+00	6.421042e+00	182.12	1.621313e-07	4406	3.374e-02
135kHz_100dA_100Mss_NE5Xd530.txt	19/06/2024 16:44:56	15.0	195.92	6.07	38460.00	680.98	1.361779e+05	5.632349e+00	6.419846e+00	182.96	1.607063e-07	4406	3.399e-02
135kHz_100dA_100Mss_NE5Xd531.txt	19/06/2024 16:44:57	15.1	194.28	6.04	38460.00	670.44	1.361779e+05	5.545741e+00	6.418442e+00	178.31	1.590300e-07	4406	3.397e-02
135kHz_100dA_100Mss_NE5Xd532.txt	19/06/2024 16:44:58	15.2	194.45	6.04	38460.00	673.51	1.361779e+05	5.575355e+00	6.419365e+00	180.48	1.601314e-07	4406	3.393e-02
135kHz_100dA_100Mss_NE5Xd533.txt	19/06/2024 16:44:58	15.2	195.11	6.04	38460.00	678.52	1.361779e+05	5.610234e+00	6.419476e+00	181.75	1.602643e-07	4406	3.400e-02
135kHz_100dA_100Mss_NE5Xd534.txt	19/06/2024 16:44:59	15.4	193.94	6.03	38460.00	675.34	1.361779e+05	5.587459e+00	6.418694e+00	179.98	1.593326e-07	4406	3.386e-02
135kHz_100dA_100Mss_NE5Xd535.txt	19/06/2024 16:44:59	15.4	193.13	6.05	38460.00	665.41	1.362089e+05	5.506651e+00	6.418861e+00	177.64	1.595287e-07	4405	3.358e-02
135kHz_100dA_100Mss_NE5Xd536.txt	19/06/2024 16:45:00	15.5	194.02	6.00	38460.00	677.92	1.361779e+05	5.603069e+00	6.418061e+00	179.65	1.585797e-07	4406	3.401e-02
135kHz_100dA_100Mss_NE5Xd537.txt	19/06/2024 16:45:00	15.5	192.70	6.00	38460.00	670.81	1.361779e+05	5.548710e+00	6.417534e+00	177.21	1.579498e-07	4406	3.387e-02
135kHz_100dA_100Mss_NE5Xd538.txt	19/06/2024 16:45:01	15.6	193.78	6.04	38460.00	671.25	1.361779e+05	5.555270e+00	6.419322e+00	179.77	1.600758e-07	4406	3.383e-02
135kHz_100dA_100Mss_NE5Xd539.txt	19/06/2024 16:45:01	15.6	191.84	5.97	38460.00	674.03	1.361779e+05	5.569134e+00	6.416660e+00	176.71	1.569111e-07	4406	3.380e-02
135kHz_100dA_100Mss_NE5Xd540.txt	19/06/2024 16:45:02	15.8	192.30	5.94	38460.00	681.59	1.361779e+05	5.627488e+00	6.415934e+00	177.60	1.560493e-07	4406	3.406e-02
135kHz_100dA_100Mss_NE5Xd541.txt	19/06/2024 16:45:02	15.8	192.88	6.01	38460.00	674.63	1.361779e+05	5.576808e+00	6.418234e+00	179.03	1.587859e-07	4406	3.371e-02
135kHz_100dA_100Mss_NE5Xd542.txt	19/06/2024 16:45:03	16.0	191.67	5.97	38460.00	676.98	1.361779e+05	5.591836e+00	6.416687e+00	177.47	1.569422e-07	4406	3.373e-02
135kHz_100dA_100Mss_NE5Xd543.txt	19/06/2024 16:45:03	16.0	192.00	5.99	38460.00	668.41	1.362089e+05	5.522090e+00	6.417471e+00	176.32	1.578770e-07	4405	3.373e-02
135kHz_100dA_100Mss_NE5Xd544.txt	19/06/2024 16:45:04	16.1	191.33	5.95	38460.00	677.25	1.361779e+05	5.590733e+00	6.415825e+00	176.30	1.559171e-07	4406	3.383e-02
135kHz_100dA_100Mss_NE5Xd545.txt	19/06/2024 16:45:04	16.1	192.12	6.00	38460.00	668.99	1.361779e+05	5.537061e+00	6.418748e+00	178.43	1.593949e-07	4406	3.367e-02
135kHz_100dA_100Mss_NE5Xd546.txt	19/06/2024 16:45:05	16.3	191.62	6.00	38460.00	671.11	1.362089e+05	5.541825e+00	6.416983e+00	176.31	1.572970e-07	4405	3.356e-02
135kHz_100dA_100Mss_NE5Xd547.txt	19/06/2024 16:45:05	16.3	192.07	5.99	38460.00	672.62	1.361779e+05	5.560158e+00	6.417716e+00	177.82	1.581693e-07	4406	3.378e-02
135kHz_100dA_100Mss_NE5Xd548.txt	19/06/2024 16:45:06	16.4	191.40	5.95	38460.00	677.16	1.362089e+05	5.591021e+00	6.416101e+00	176.71	1.562462e-07	4405	3.378e-02
135kHz_100dA_100Mss_NE5Xd549.txt	19/06/2024 16:45:06	16.4	191.01	5.93	38460.00	677.59	1.361779e+05	5.596200e+00	6.415765e+00	176.39	1.558443e-07	4406	3.382e-02
135kHz_100dA_100Mss_NE5Xd550.txt	19/06/2024 16:45:07	16.5	190.44	5.91	38460.00	677.14	1.361779e+05	5.589868e+00	6.415168e+00	175.40	1.551348e-07	4406	3.385e-02
135kHz_100dA_100Mss_NE5Xd551.txt	19/06/2024 16:45:08	16.6	191.23	5.99	38460.00	675.13	1.362089e+05	5.570897e+00	6.417410e+00	177.80	1.578056e-07	4405	3.356e-02
135kHz_100dA_100Mss_NE5Xd552.txt	19/06/2024 16:45:08	16.6	190.76	5.91	38460.00	680.95	1.361779e+05	5.620430e+00	6.415623e+00	176.96	1.556792e-07	4406	3.402e-02
135kHz_100dA_100Mss_NE5Xd553.txt	19/06/2024 16:45:09	16.8	191.05	5.95	38460.00	678.79	1.361779e+05	5.602191e+00	6.417227e+00	178.51	1.575833e-07	4406	3.378e-02
135kHz_100dA_100Mss_NE5Xd554.txt	19/06/2024 16:45:09	16.8	191.01	5.99	38460.00	669.14	1.361779e+05	5.528798e+00	6.418455e+00	177.78	1.590470e-07	4406	3.353e-02
135kHz_100dA_100Mss_NE5Xd555.txt	19/06/2024 16:45:10	16.8	189.62	5.92	38460.00	671.68	1.362089e+05	5.546232e+00	6.415473e+00	174.47	1.554980e-07	4405	3.363e-02
135kHz_100dA_100Mss_NE5Xd556.txt	19/06/2024 16:45:10	16.8	189.99	5.94	38460.00	671.53	1.361779e+05	5.543276e+00	6.416346e+00	175.48	1.565402e-07	4406	3.364e-02
135kHz_100dA_100Mss_NE5Xd557.txt	19/06/2024 16:45:11	16.8	190.50	5.88	38460.00	677.03	1.362089e+05	5.593780e+00	6.415493e+00	175.99	1.555203e-07	4405	3.408e-02
135kHz_100dA_100Mss_NE5Xd558.txt	19/06/2024 16:45:12	17.0	189.70	5.91	38460.00	674.83	1.362089e+05	5.567177e+00	6.415866e+00	175.65	1.559641e-07	4405	3.375e-02
135kHz_100dA_100Mss_NE5Xd559.txt	19/06/2024 16:45:12	17.0	188.99	5.88	38460.00	678.92	1.362089e+05	5.597761e+00	6.414537e+00	174.85	1.543849e-07	4405	3.382e-02
135kHz_100dA_100Mss_NE5Xd560.txt	19/06/2024 16:45:13	17.2	189.52	5.90	38460.00	675.45	1.361779e+05	5.578719e+00	6.416476e+00	176.78	1.566939e-07	4406	3.380e-02
135kHz_100dA_100Mss_NE5Xd561.txt	19/06/2024 16:45:13	17.2	190.09	5.90	38460.00	678.00	1.361779e+05	5.595678e+00	6.416122e+00	176.85	1.562727e-07	4406	3.386e-02
135kHz_100dA_100Mss_NE5Xd562.txt	19/06/2024 16:45:14	17.2	188.53	5.92	38460.00	670.13	1.361779e+05	5.533558e+00	6.416428e+00	175.28	1.566339e-07	4406	3.348e-02
135kHz_100dA_100Mss_NE5Xd563.txt	19/06/2024 16:45:14	17.2	189.62	5.89	38460.00	680.01	1.361779e+05	5.609575e+00	6.415824e+00	176.89	1.559176e-07	4406	3.382e-02
135kHz_100dA_100Mss_NE5Xd564.txt	19/06/2024 16:45:15	17.4	188.44	5.88	38460.00	675.44	1.362089e+05	5.568278e+00	6.415208e+00	174.82	1.551812e-07	4405	3.364e-02
135kHz_100dA_100Mss_NE5Xd565.txt	19/06/2024 16:45:15	17.4	187.81	5.90	38460.00	672.26	1.362089e+05	5.539789e+00	6.414899e+00	173.52	1.548161e-07	4405	3.339e-02
135kHz_100dA_100Mss_NE5Xd566.txt	19/06/2024 16:45:16	17.5	188.03	5.88	38460.00	672.19	1.361779e+05	5.548813e+00	6.415307e+00	174.29	1.553037e-07	4406	3.362e-02
135kHz_100dA_100Mss_NE5Xd567.txt	19/06/2024 16:45:16	17.5	189.14	5.90	38460.00	680.17	1.361779e+05	5.603543e+00	6.416851e+00	178.06	1.571371e-07	4406	3.361e-02
135kHz_100dA_100Mss_NE5Xd568.txt	19/06/2024 16:45:17	17.7	188.77	5.86	38460.00	685.61	1.361779e+05	5.647883e+00	6.414563e+00	176.41	1.544170e-07	4406	3.380e-02
135kHz_100dA_100Mss_NE5Xd569.txt	19/06/2024 16:45:17	17.7	187.90	5.87	38460.00	673.08	1.361779e+05	5.555399e+00	6.415121e+00	174.26	1.550786e-07	4406	3.361e-02
135kHz_100dA_100Mss_NE5Xd570.txt	19/06/2024 16:45:18	17.8	188.51	5.87	38460.00	678.09	1.362089e+05	5.594962e+00	6.414745e+00	175.04	1.546331e-07	4405	3.377e-02
135kHz_100dA_100Mss_NE5Xd571.txt	19/06/2024 16:45:19	17.9	187.53	5.83	38460.00	679.52	1.361779e+05	5.603241e+00	6.413635e+00	173.79	1.533137e-07	4406	3.377e-02
135kHz_100dA_100Mss_NE5Xd572.txt	19/06/2024 16:45:19	17.9	186.94	5.86	38460.00	672.44	1.362089e+05	5.543989e+00	6.413963e+00	172.42	1.537036e-07	4405	3.339e-02
135kHz_100dA_100Mss_NE5Xd573.txt	19/06/2024 16:45:20	18.1	186.91	5.83	38460.00	675.73	1.362089e+05	5.572612e+00	6.414027e+00	173.40	1.537780e-07	4405	3.370e-02
135kHz_100dA_100Mss_NE5Xd574.txt	19/06/2024 16:45:20	18.1	187.15	5.85	38460.00	669.01	1.361779e+05	5.529403e+00	6.415732e+00	174.24	1.558047e-07	4406	3.348e-02
135kHz_100dA_100Mss_NE5Xd575.txt	19/06/2024 16:45:21	18.2	187.80	5.86	38460.00	678.61	1.361779e+05	5.600161e+00	6.415201e+00	175.77	1.551759e-07	4406	3.364e-02
135kHz_100dA_100Mss_NE5Xd576.txt	19/06/2024 16:45:21	18.2	187.15	5.79	38460.00	680.54	1.361779e+05	5.613058e+00	6.413133e+00	173.43	1.527147e-07	4406	3.396e-02
135kHz_100dA_100Mss_NE5Xd577.txt	19/06/2024 16:45:22	18.4	185.99	5.76	38460.00	680.95	1.361779e+05	5.611508e+00	6.411826e+00	171.65	1.511602e-07	4406	3.391e-02
135kHz_100dA_100Mss_NE5Xd578.txt	19/06/2024 16:45:22	18.4	187.43	5.80	38460.00	682.90	1.361779e+05	5.631524e+00	6.413332e+00	174.26	1.529528e-07	4406	3.400e-02
135kHz_100dA_100Mss_NE5Xd579.txt	19/06/2024 16:45:23	18.4	186.98	5.82	38460.00	680.26	1.361779e+05	5.610818e+00	6.413703e+00	174.11	1.533940e-07	4406	3.377e-02
135kHz_100dA_100Mss_NE5Xd580.txt	19/06/2024 16:45:23	18.4	186.23	5.83	38460.00	672.60	1.361779e+05	5.550522e+00	6.414663e+00	173.50	1.545367e-07	4406	3.345e-02
135kHz_100dA_100Mss_NE5Xd581.txt	19/06/2024 16:45:24	18.5	186.82	5.87	38460.00	672.10	1.361779e+05	5.545456e+00	6.415590e+00	174.56	1.556311e-07	4406	3.327e-02
135kHz_100dA_100Mss_NE5Xd582.txt	19/06/2024 16:45:24	18.5	185.62	5.75	38460.00	686.13	1.361779e+05	5.648349e+00	6.411122e+00	171.83	1.503232e-07	4406	3.389e-02
135kHz_100dA_100Mss_NE5Xd583.txt	19/06/2024 16:45:25	18.6	186.42	5.80	38460.00	685.13	1.361779e+05	5.642088e+00	6.412901e+00	174.02	1.524389e-07	4406	3.368e-02
135kHz_100dA_100Mss_NE5Xd584.txt	19/06/2024 16:45:25	18.6	185.94	5.81	38460.00	672.88	1.362089e+05	5.553282e+00	6.412957e+00	171.39	1.525027e-07	4405	3.367e-02
135kHz_100dA_100Mss_NE5Xd585.txt	19/06/2024 16:45:26	18.7	186.01	5.80	38460.00	679.62	1.362089e+05	5.594991e+00	6.412859e+00	172.55	1.523872e-07	4405	3.364e-02
135kHz_100dA_100Mss_NE5Xd586.txt	19/06/2024 16:45:26	18.7	185.48	5.79	38460.00	679.17	1.361779e+05	5.593856e+00	6.412684e+00	172.24	1.521834e-07	4406	3.363e-02
135kHz_100dA_100Mss_NE5Xd587.txt	19/06/2024 16:45:27	18.8	184.72	5.79	38460.00	675.53	1.361779e+05	5.565090e+00	6.412639e+00	171.30	1.521287e-07	4406	3.345e-02
135kHz_100dA_100Mss_NE5Xd588.txt	19/06/2024 16:45:27	18.8	184.58	5.77	38460.00	674.31	1.361779e+05	5.557166e+00	6.412126e+00	170.38	1.515214e-07	4406	3.351e-02
135kHz_100dA_100Mss_NE5Xd589.txt	19/06/2024 16:45:29	19.0	185.24	5.79	38460.00	676.25	1.361779e+05	5.576474e+00	6.413309e+00	172.53	1.529266e-07	4406	3.355e-02
135kHz_100dA_100Mss_NE5Xd590.txt	19/06/2024 16:45:29	19.0	185.04	5.79	38460.00	678.31	1.361779e+05	5.584605e+00	6.412886e+00	172.22	1.524240e-07	4406	3.346e-02
135kHz_100dA_100Mss_NE5Xd591.txt	19/06/2024 16:45:30	19.1	184.29	5.81	38460.00	673.73	1.362089e+05	5.551250e+00	6.413284e+00	171.76	1.528960e-07	4405	3.322e-02
135kHz_100dA_100Mss_NE5Xd592.txt	19/06/2024 16:45:31	19.2	185.81	5.82	38460.00	680.70	1.361779e+05	5.603921e+00	6.413386e+00	173.48	1.530162e-07	4406	3.351e-02
135kHz_100dA_100Mss_NE5Xd593.txt	19/06/2024 16:45:31	19.2	184.37	5.78	38460.00	672.98	1.362089e+05	5.537943e+00	6.412534e+00	170.36	1.519993e-07	4405	3.347e-02
135kHz_100dA_100Mss_NE5Xd594.txt	19/06/2024 16:45:32	19.3	184.80	5.75	38460.00	683.82	1.361779e+05	5.628748e+00	6.412130e+00	172.58	1.515214e-07	4406	3.371e-02
135kHz_100dA_100Mss_NE5Xd595.txt	19/06/2024 16:45:33	19.4	184.17	5.72	38460.00	684.86	1.362089e+05	5.633284e+00	6.410101e+00	170.05	1.491153e-07	4405	3.374e-02
135kHz_100dA_100Mss_NE5Xd596.txt	19/06/2024 16:45:33	19.4	183.71	5.74	38460.00	683.37	1.361779e+05	5.620397e+00	6.411212e+00	171.10	1.504331e-07	4406	3.349e-02
135kHz_100dA_100Mss_NE5Xd597.txt	19/06/2024 16:45:34	19.6	184.33	5.77	38460.00	672.25	1.361779e+05	5.543520e+00	6.413661e+00	171.97	1.533462e-07	4406	3.345e-02
135kHz_100dA_100Mss_NE5Xd598.txt	19/06/2024 16:45:34	19.6	183.56	5.71	38460.00	684.13	1.361779e+05	5.628767e+00	6.410975e+00	171.04	1.501504e-07	4406	3.372e-02
135kHz_100dA_100Mss_NE5Xd599.txt	19/06/2024 16:45:35	19.6	183.70	5.70	38460.00	682.07	1.361779e+05	5.619587e+00	6.410778e+00	170.50	1.499167e-07	4406	3.379e-02
135kHz_100dA_100Mss_NE5Xd600.txt	19/06/2024 16:45:36	19.7	181.83	5.67	38460.00	677.39	1.361779e+05	5.574710e+00	6.409481e+00	167.43	1.483785e-07	4406	3.352e-02
135kHz_100dA_100Mss_NE5Xd601.txt	19/06/2024 16:45:36	19.7	184.30	5.73	38460.00	680.41	1.361779e+05	5.602799e+00	6.411930e+00	171.52	1.512859e-07	4406	3.368e-02
135kHz_100dA_100Mss_NE5Xd602.txt	19/06/2024 16:45:37	19.8	183.99	5.74	38460.00	678.55	1.361779e+05	5.587712e+00	6.412652e+00	172.01	1.521373e-07	4406	3.350e-02
135kHz_100dA_100Mss_NE5Xd603.txt	19/06/2024 16:45:37	19.8	183.49	5.71	38460.00	686.55	1.361779e+05	5.646317e+00	6.410990e+00	171.59	1.501660e-07	4406	3.374e-02
135kHz_100dA_100Mss_NE5Xd604.txt	19/06/2024 16:45:38	19.9	182.02	5.67	38460.00	686.60	1.361779e+05	5.638665e+00	6.409313e+00	169.13	1.481768e-07	4406	3.364e-02
135kHz_100dA_100Mss_NE5Xd605.txt	19/06/2024 16:45:38	19.9	184.03	5.72	38460.00	687.81	1.362089e+05	5.656637e+00	6.411771e+00	172.99	1.510955e-07	4405	3.378e-02
135kHz_100dA_100Mss_NE5Xd606.txt	19/06/2024 16:45:39	20.0	183.97	5.73	38460.00	683.44	1.362089e+05	5.626927e+00	6.412162e+00	172.60	1.515614e-07	4405	3.372e-02
135kHz_100dA_100Mss_NE5Xd607.txt	19/06/2024 16:45:39	20.0	183.35	5.71	38460.00	685.82	1.362089e+05	5.638504e+00	6.410937e+00	171.32	1.501056e-07	4405	3.368e-02
135kHz_100dA_100Mss_NE5Xd608.txt	19/06/2024 16:45:40	20.1	182.65	5.68	38460.00	689.29	1.361779e+05	5.666283e+00	6.410258e+00	171.22	1.492971e-07	4406	3.370e-02
135kHz_100dA_100Mss_NE5Xd609.txt	19/06/2024 16:45:41	20.2	182.99	5.69	38460.00	684.34	1.362089e+05	5.623898e+00	6.410229e+00	169.94	1.492611e-07	4405	3.370e-02
135kHz_100dA_100Mss_NE5Xd610.txt	19/06/2024 16:45:41	20.2	182.94	5.69	38460.00	678.65	1.361779e+05	5.593468e+00	6.411019e+00	170.03	1.502032e-07	4406	3.371e-02
135kHz_100dA_100Mss_NE5Xd611.txt	19/06/2024 16:45:42	20.3	183.25	5.70	38460.00	682.74	1.361779e+05	5.620639e+00	6.411661e+00	171.71	1.509658e-07	4406	3.369e-02
135kHz_100dA_100Mss_NE5Xd612.txt	19/06/2024 16:45:43	20.3	182.51	5.65	38460.00	688.20	1.361779e+05	5.662007e+00	6.409290e+00	169.79	1.481498e-07	4406	3.394e-02
135kHz_100dA_100Mss_NE5Xd613.txt	19/06/2024 16:45:43	20.3	181.67	5.68	38460.00	678.36	1.362089e+05	5.576399e+00	6.410053e+00	168.27	1.490540e-07	4405	3.350e-02
135kHz_100dA_100Mss_NE5Xd614.txt	19/06/2024 16:45:44	20.4	182.29	5.68	38460.00	683.00	1.361779e+05	5.615748e+00	6.410667e+00	170.24	1.497822e-07	4406	3.353e-02
135kHz_100dA_100Mss_NE5Xd615.txt	19/06/2024 16:45:44	20.4	181.02	5.67	38460.00	677.76	1.361779e+05	5.576989e+00	6.409479e+00	167.49	1.483738e-07	4406	3.347e-02
135kHz_100dA_100Mss_NE5Xd616.txt	19/06/2024 16:45:45	20.5	182.84	5.66	38460.00	687.62	1.362089e+05	5.652384e+00	6.409809e+00	170.24	1.487652e-07	4405	3.386e-02
135kHz_100dA_100Mss_NE5Xd617.txt	19/06/2024 16:45:45	20.5	181.67	5.67	38460.00	682.52	1.361779e+05	5.613285e+00	6.409839e+00	169.06	1.488023e-07	4406	3.354e-02
135kHz_100dA_100Mss_NE5Xd618.txt	19/06/2024 16:45:46	20.7	181.89	5.69	38460.00	678.76	1.361779e+05	5.589383e+00	6.410931e+00	169.79	1.501017e-07	4406	3.351e-02
