# Temperatura_=_0.7542904290429049
# Concentracion g/m^3_=_11700.0
# C_Vs_to_Am_M_A/Vsm_=_254322799225.57578
# pendiente_HvsI_1/m_=_3716.3
# ordenada_HvsI_A/m_=_1297.0
# frecuencia_Hz_=_136202.88856477273
# Promedio de 606 ciclos

Tiempo_(s)	Campo_(V.s)	Magnetizacion_(V.s)	Campo_(kA/m)	Magnetizacion_(A/m)
0.000000e+00	-7.076064e-09	-2.367730e-09	-3.837716e+01	-6.017628e+02
1.000000e-08	-7.076275e-09	-2.368906e-09	-3.837830e+01	-6.019263e+02
2.000000e-08	-7.076119e-09	-2.369604e-09	-3.837745e+01	-6.020638e+02
3.000000e-08	-7.075430e-09	-2.369427e-09	-3.837372e+01	-6.021722e+02
4.000000e-08	-7.074028e-09	-2.369095e-09	-3.836611e+01	-6.022495e+02
5.000000e-08	-7.071850e-09	-2.369375e-09	-3.835430e+01	-6.022949e+02
6.000000e-08	-7.068986e-09	-2.370880e-09	-3.833877e+01	-6.023092e+02
7.000000e-08	-7.065616e-09	-2.374193e-09	-3.832049e+01	-6.022949e+02
8.000000e-08	-7.061840e-09	-2.374051e-09	-3.830001e+01	-6.022559e+02
9.000000e-08	-7.057532e-09	-2.361665e-09	-3.827665e+01	-6.021974e+02
1.000000e-07	-7.052490e-09	-2.350654e-09	-3.824931e+01	-6.021255e+02
1.100000e-07	-7.046776e-09	-2.367892e-09	-3.821831e+01	-6.020468e+02
1.200000e-07	-7.040725e-09	-2.393345e-09	-3.818550e+01	-6.019678e+02
1.300000e-07	-7.034496e-09	-2.380904e-09	-3.815171e+01	-6.018946e+02
1.400000e-07	-7.027864e-09	-2.347595e-09	-3.811575e+01	-6.018320e+02
1.500000e-07	-7.020657e-09	-2.355826e-09	-3.807666e+01	-6.017835e+02
1.600000e-07	-7.013023e-09	-2.391968e-09	-3.803526e+01	-6.017506e+02
1.700000e-07	-7.005053e-09	-2.382562e-09	-3.799203e+01	-6.017332e+02
1.800000e-07	-6.996509e-09	-2.343836e-09	-3.794569e+01	-6.017292e+02
1.900000e-07	-6.987177e-09	-2.352897e-09	-3.789508e+01	-6.017349e+02
2.000000e-07	-6.977210e-09	-2.391824e-09	-3.784102e+01	-6.017452e+02
2.100000e-07	-6.966822e-09	-2.382498e-09	-3.778469e+01	-6.017543e+02
2.200000e-07	-6.955900e-09	-2.351227e-09	-3.772545e+01	-6.017559e+02
2.300000e-07	-6.944295e-09	-2.367657e-09	-3.766251e+01	-6.017440e+02
2.400000e-07	-6.932114e-09	-2.394566e-09	-3.759644e+01	-6.017134e+02
2.500000e-07	-6.919424e-09	-2.373445e-09	-3.752762e+01	-6.016597e+02
2.600000e-07	-6.906136e-09	-2.351126e-09	-3.745555e+01	-6.015802e+02
2.700000e-07	-6.892226e-09	-2.367901e-09	-3.738011e+01	-6.014737e+02
2.800000e-07	-6.877687e-09	-2.374858e-09	-3.730126e+01	-6.013404e+02
2.900000e-07	-6.862394e-09	-2.355582e-09	-3.721832e+01	-6.011819e+02
3.000000e-07	-6.846353e-09	-2.355744e-09	-3.713132e+01	-6.010009e+02
3.100000e-07	-6.829790e-09	-2.365873e-09	-3.704149e+01	-6.008006e+02
3.200000e-07	-6.812850e-09	-2.348742e-09	-3.694961e+01	-6.005843e+02
3.300000e-07	-6.795508e-09	-2.339647e-09	-3.685556e+01	-6.003548e+02
3.400000e-07	-6.777757e-09	-2.360615e-09	-3.675929e+01	-6.001141e+02
3.500000e-07	-6.759585e-09	-2.361199e-09	-3.666073e+01	-5.998630e+02
3.600000e-07	-6.740912e-09	-2.337144e-09	-3.655946e+01	-5.996008e+02
3.700000e-07	-6.721728e-09	-2.344978e-09	-3.645541e+01	-5.993251e+02
3.800000e-07	-6.702142e-09	-2.364856e-09	-3.634919e+01	-5.990320e+02
3.900000e-07	-6.682212e-09	-2.348184e-09	-3.624110e+01	-5.987167e+02
4.000000e-07	-6.661857e-09	-2.330705e-09	-3.613070e+01	-5.983730e+02
4.100000e-07	-6.641018e-09	-2.345166e-09	-3.601768e+01	-5.979947e+02
4.200000e-07	-6.619705e-09	-2.350818e-09	-3.590209e+01	-5.975755e+02
4.300000e-07	-6.597932e-09	-2.337051e-09	-3.578400e+01	-5.971099e+02
4.400000e-07	-6.575714e-09	-2.338357e-09	-3.566351e+01	-5.965936e+02
4.500000e-07	-6.553052e-09	-2.343682e-09	-3.554060e+01	-5.960237e+02
4.600000e-07	-6.529943e-09	-2.329863e-09	-3.541527e+01	-5.953993e+02
4.700000e-07	-6.506458e-09	-2.323368e-09	-3.528789e+01	-5.947212e+02
4.800000e-07	-6.482652e-09	-2.331768e-09	-3.515878e+01	-5.939923e+02
4.900000e-07	-6.458443e-09	-2.324939e-09	-3.502748e+01	-5.932169e+02
5.000000e-07	-6.433674e-09	-2.310978e-09	-3.489315e+01	-5.924007e+02
5.100000e-07	-6.408211e-09	-2.314921e-09	-3.475505e+01	-5.915500e+02
5.200000e-07	-6.382001e-09	-2.319372e-09	-3.461290e+01	-5.906716e+02
5.300000e-07	-6.355119e-09	-2.309358e-09	-3.446711e+01	-5.897718e+02
5.400000e-07	-6.327746e-09	-2.304029e-09	-3.431865e+01	-5.888563e+02
5.500000e-07	-6.300037e-09	-2.305239e-09	-3.416837e+01	-5.879293e+02
5.600000e-07	-6.272017e-09	-2.297971e-09	-3.401640e+01	-5.869939e+02
5.700000e-07	-6.243619e-09	-2.290234e-09	-3.386238e+01	-5.860512e+02
5.800000e-07	-6.214782e-09	-2.291805e-09	-3.370599e+01	-5.851010e+02
5.900000e-07	-6.185516e-09	-2.289893e-09	-3.354726e+01	-5.841413e+02
6.000000e-07	-6.155859e-09	-2.281598e-09	-3.338642e+01	-5.831693e+02
6.100000e-07	-6.125800e-09	-2.278346e-09	-3.322339e+01	-5.821813e+02
6.200000e-07	-6.095298e-09	-2.277693e-09	-3.305796e+01	-5.811730e+02
6.300000e-07	-6.064360e-09	-2.271657e-09	-3.289017e+01	-5.801406e+02
6.400000e-07	-6.033057e-09	-2.266081e-09	-3.272040e+01	-5.790805e+02
6.500000e-07	-6.001462e-09	-2.263167e-09	-3.254904e+01	-5.779902e+02
6.600000e-07	-5.969567e-09	-2.257488e-09	-3.237605e+01	-5.768681e+02
6.700000e-07	-5.937250e-09	-2.251774e-09	-3.220079e+01	-5.757140e+02
6.800000e-07	-5.904346e-09	-2.249652e-09	-3.202233e+01	-5.745287e+02
6.900000e-07	-5.870756e-09	-2.244990e-09	-3.184016e+01	-5.733140e+02
7.000000e-07	-5.836494e-09	-2.237140e-09	-3.165434e+01	-5.720728e+02
7.100000e-07	-5.801658e-09	-2.232540e-09	-3.146540e+01	-5.708080e+02
7.200000e-07	-5.766388e-09	-2.230192e-09	-3.127412e+01	-5.695230e+02
7.300000e-07	-5.730817e-09	-2.225845e-09	-3.108120e+01	-5.682205e+02
7.400000e-07	-5.694998e-09	-2.220589e-09	-3.088693e+01	-5.669030e+02
7.500000e-07	-5.658883e-09	-2.215083e-09	-3.069106e+01	-5.655717e+02
7.600000e-07	-5.622391e-09	-2.209110e-09	-3.049315e+01	-5.642273e+02
7.700000e-07	-5.585466e-09	-2.204690e-09	-3.029288e+01	-5.628688e+02
7.800000e-07	-5.548098e-09	-2.200719e-09	-3.009021e+01	-5.614946e+02
7.900000e-07	-5.510319e-09	-2.194655e-09	-2.988532e+01	-5.601020e+02
8.000000e-07	-5.472152e-09	-2.188490e-09	-2.967832e+01	-5.586878e+02
8.100000e-07	-5.433568e-09	-2.184090e-09	-2.946906e+01	-5.572483e+02
8.200000e-07	-5.394561e-09	-2.179161e-09	-2.925751e+01	-5.557800e+02
8.300000e-07	-5.355215e-09	-2.173086e-09	-2.904411e+01	-5.542795e+02
8.400000e-07	-5.315636e-09	-2.166846e-09	-2.882945e+01	-5.527440e+02
8.500000e-07	-5.275837e-09	-2.160571e-09	-2.861360e+01	-5.511716e+02
8.600000e-07	-5.235728e-09	-2.154654e-09	-2.839607e+01	-5.495613e+02
8.700000e-07	-5.195193e-09	-2.149626e-09	-2.817623e+01	-5.479128e+02
8.800000e-07	-5.154151e-09	-2.143676e-09	-2.795364e+01	-5.462269e+02
8.900000e-07	-5.112590e-09	-2.135781e-09	-2.772823e+01	-5.445053e+02
9.000000e-07	-5.070522e-09	-2.127985e-09	-2.750008e+01	-5.427500e+02
9.100000e-07	-5.027949e-09	-2.121464e-09	-2.726918e+01	-5.409634e+02
9.200000e-07	-4.984897e-09	-2.115023e-09	-2.703569e+01	-5.391479e+02
9.300000e-07	-4.941452e-09	-2.108604e-09	-2.680006e+01	-5.373060e+02
9.400000e-07	-4.897723e-09	-2.102438e-09	-2.656289e+01	-5.354394e+02
9.500000e-07	-4.853750e-09	-2.095824e-09	-2.632441e+01	-5.335497e+02
9.600000e-07	-4.809486e-09	-2.088295e-09	-2.608434e+01	-5.316377e+02
9.700000e-07	-4.764875e-09	-2.080329e-09	-2.584239e+01	-5.297036e+02
9.800000e-07	-4.719913e-09	-2.071794e-09	-2.559854e+01	-5.277471e+02
9.900000e-07	-4.674622e-09	-2.062628e-09	-2.535290e+01	-5.257675e+02
1.000000e-06	-4.629031e-09	-2.054102e-09	-2.510564e+01	-5.237637e+02
1.010000e-06	-4.583152e-09	-2.046990e-09	-2.485681e+01	-5.217348e+02
1.020000e-06	-4.536957e-09	-2.040250e-09	-2.460628e+01	-5.196796e+02
1.030000e-06	-4.490426e-09	-2.032697e-09	-2.435391e+01	-5.175974e+02
1.040000e-06	-4.443568e-09	-2.024263e-09	-2.409978e+01	-5.154877e+02
1.050000e-06	-4.396405e-09	-2.015361e-09	-2.384399e+01	-5.133504e+02
1.060000e-06	-4.348963e-09	-2.006245e-09	-2.358669e+01	-5.111858e+02
1.070000e-06	-4.301273e-09	-1.997047e-09	-2.332804e+01	-5.089945e+02
1.080000e-06	-4.253335e-09	-1.988208e-09	-2.306804e+01	-5.067775e+02
1.090000e-06	-4.205106e-09	-1.979621e-09	-2.280647e+01	-5.045357e+02
1.100000e-06	-4.156512e-09	-1.971244e-09	-2.254292e+01	-5.022702e+02
1.110000e-06	-4.107485e-09	-1.963171e-09	-2.227703e+01	-4.999817e+02
1.120000e-06	-4.057996e-09	-1.954800e-09	-2.200862e+01	-4.976708e+02
1.130000e-06	-4.008044e-09	-1.945410e-09	-2.173771e+01	-4.953375e+02
1.140000e-06	-3.957643e-09	-1.935297e-09	-2.146436e+01	-4.929817e+02
1.150000e-06	-3.906839e-09	-1.925088e-09	-2.118883e+01	-4.906025e+02
1.160000e-06	-3.855692e-09	-1.915210e-09	-2.091143e+01	-4.881987e+02
1.170000e-06	-3.804254e-09	-1.905731e-09	-2.063245e+01	-4.857688e+02
1.180000e-06	-3.752543e-09	-1.896525e-09	-2.035200e+01	-4.833110e+02
1.190000e-06	-3.700551e-09	-1.887221e-09	-2.007002e+01	-4.808233e+02
1.200000e-06	-3.648269e-09	-1.877501e-09	-1.978647e+01	-4.783038e+02
1.210000e-06	-3.595697e-09	-1.867420e-09	-1.950134e+01	-4.757506e+02
1.220000e-06	-3.542849e-09	-1.857257e-09	-1.921472e+01	-4.731619e+02
1.230000e-06	-3.489744e-09	-1.846743e-09	-1.892670e+01	-4.705364e+02
1.240000e-06	-3.436392e-09	-1.835700e-09	-1.863735e+01	-4.678728e+02
1.250000e-06	-3.382814e-09	-1.824779e-09	-1.834677e+01	-4.651700e+02
1.260000e-06	-3.329029e-09	-1.814217e-09	-1.805507e+01	-4.624273e+02
1.270000e-06	-3.275049e-09	-1.803480e-09	-1.776230e+01	-4.596441e+02
1.280000e-06	-3.220861e-09	-1.792435e-09	-1.746841e+01	-4.568196e+02
1.290000e-06	-3.166442e-09	-1.781459e-09	-1.717327e+01	-4.539531e+02
1.300000e-06	-3.111785e-09	-1.770461e-09	-1.687684e+01	-4.510440e+02
1.310000e-06	-3.056891e-09	-1.758970e-09	-1.657912e+01	-4.480912e+02
1.320000e-06	-3.001768e-09	-1.747158e-09	-1.628016e+01	-4.450937e+02
1.330000e-06	-2.946448e-09	-1.735081e-09	-1.598013e+01	-4.420500e+02
1.340000e-06	-2.890963e-09	-1.722519e-09	-1.567920e+01	-4.389586e+02
1.350000e-06	-2.835342e-09	-1.710075e-09	-1.537754e+01	-4.358180e+02
1.360000e-06	-2.779607e-09	-1.698161e-09	-1.507526e+01	-4.326262e+02
1.370000e-06	-2.723760e-09	-1.686039e-09	-1.477237e+01	-4.293816e+02
1.380000e-06	-2.667797e-09	-1.673244e-09	-1.446886e+01	-4.260823e+02
1.390000e-06	-2.611703e-09	-1.660139e-09	-1.416463e+01	-4.227264e+02
1.400000e-06	-2.555447e-09	-1.646927e-09	-1.385952e+01	-4.193124e+02
1.410000e-06	-2.498996e-09	-1.633604e-09	-1.355336e+01	-4.158385e+02
1.420000e-06	-2.442322e-09	-1.620009e-09	-1.324599e+01	-4.123029e+02
1.430000e-06	-2.385401e-09	-1.606062e-09	-1.293728e+01	-4.087041e+02
1.440000e-06	-2.328216e-09	-1.591722e-09	-1.262714e+01	-4.050401e+02
1.450000e-06	-2.270749e-09	-1.577257e-09	-1.231547e+01	-4.013092e+02
1.460000e-06	-2.212987e-09	-1.563003e-09	-1.200219e+01	-3.975090e+02
1.470000e-06	-2.154923e-09	-1.548772e-09	-1.168728e+01	-3.936375e+02
1.480000e-06	-2.096571e-09	-1.533866e-09	-1.137082e+01	-3.896922e+02
1.490000e-06	-2.037962e-09	-1.518218e-09	-1.105295e+01	-3.856704e+02
1.500000e-06	-1.979127e-09	-1.502217e-09	-1.073386e+01	-3.815695e+02
1.510000e-06	-1.920115e-09	-1.486074e-09	-1.041380e+01	-3.773870e+02
1.520000e-06	-1.860958e-09	-1.469641e-09	-1.009297e+01	-3.731203e+02
1.530000e-06	-1.801680e-09	-1.452645e-09	-9.771470e+00	-3.687672e+02
1.540000e-06	-1.742302e-09	-1.435372e-09	-9.449431e+00	-3.643259e+02
1.550000e-06	-1.682838e-09	-1.418240e-09	-9.126929e+00	-3.597949e+02
1.560000e-06	-1.623296e-09	-1.400621e-09	-8.804000e+00	-3.551733e+02
1.570000e-06	-1.563683e-09	-1.381880e-09	-8.480686e+00	-3.504605e+02
1.580000e-06	-1.504005e-09	-1.362757e-09	-8.157020e+00	-3.456563e+02
1.590000e-06	-1.444265e-09	-1.343777e-09	-7.833019e+00	-3.407607e+02
1.600000e-06	-1.384464e-09	-1.324384e-09	-7.508681e+00	-3.357737e+02
1.610000e-06	-1.324598e-09	-1.304406e-09	-7.183997e+00	-3.306954e+02
1.620000e-06	-1.264664e-09	-1.284133e-09	-6.858945e+00	-3.255249e+02
1.630000e-06	-1.204662e-09	-1.263417e-09	-6.533523e+00	-3.202612e+02
1.640000e-06	-1.144598e-09	-1.242382e-09	-6.207762e+00	-3.149021e+02
1.650000e-06	-1.084476e-09	-1.221215e-09	-5.881692e+00	-3.094444e+02
1.660000e-06	-1.024307e-09	-1.199421e-09	-5.555364e+00	-3.038838e+02
1.670000e-06	-9.640939e-10	-1.176653e-09	-5.228796e+00	-2.982148e+02
1.680000e-06	-9.038317e-10	-1.153420e-09	-4.901963e+00	-2.924309e+02
1.690000e-06	-8.435196e-10	-1.129846e-09	-4.574859e+00	-2.865245e+02
1.700000e-06	-7.831540e-10	-1.105465e-09	-4.247465e+00	-2.804877e+02
1.710000e-06	-7.227322e-10	-1.080302e-09	-3.919766e+00	-2.743118e+02
1.720000e-06	-6.622557e-10	-1.054885e-09	-3.591771e+00	-2.679886e+02
1.730000e-06	-6.017208e-10	-1.029296e-09	-3.263459e+00	-2.615101e+02
1.740000e-06	-5.411302e-10	-1.003361e-09	-2.934845e+00	-2.548691e+02
1.750000e-06	-4.804896e-10	-9.770208e-10	-2.605960e+00	-2.480596e+02
1.760000e-06	-4.198025e-10	-9.497906e-10	-2.276823e+00	-2.410770e+02
1.770000e-06	-3.590798e-10	-9.212377e-10	-1.947492e+00	-2.339185e+02
1.780000e-06	-2.983297e-10	-8.917296e-10	-1.618013e+00	-2.265828e+02
1.790000e-06	-2.375601e-10	-8.615524e-10	-1.288428e+00	-2.190705e+02
1.800000e-06	-1.767868e-10	-8.309149e-10	-9.588236e-01	-2.113838e+02
1.810000e-06	-1.160179e-10	-7.999925e-10	-6.292429e-01	-2.035264e+02
1.820000e-06	-5.525258e-11	-7.682829e-10	-2.996811e-01	-1.955033e+02
1.830000e-06	5.509426e-12	-7.355688e-10	2.986254e-02	-1.873204e+02
1.840000e-06	6.627112e-11	-7.023161e-10	3.594045e-01	-1.789845e+02
1.850000e-06	1.270337e-10	-6.687988e-10	6.889509e-01	-1.705026e+02
1.860000e-06	1.877923e-10	-6.345320e-10	1.018476e+00	-1.618819e+02
1.870000e-06	2.485439e-10	-5.994187e-10	1.347963e+00	-1.531298e+02
1.880000e-06	3.092850e-10	-5.638906e-10	1.677393e+00	-1.442535e+02
1.890000e-06	3.700090e-10	-5.278776e-10	2.006731e+00	-1.352598e+02
1.900000e-06	4.307032e-10	-4.915448e-10	2.335907e+00	-1.261556e+02
1.910000e-06	4.913599e-10	-4.550460e-10	2.664879e+00	-1.169475e+02
1.920000e-06	5.519757e-10	-4.183021e-10	2.993630e+00	-1.076419e+02
1.930000e-06	6.125400e-10	-3.813390e-10	3.322101e+00	-9.824554e+01
1.940000e-06	6.730404e-10	-3.440166e-10	3.650226e+00	-8.876499e+01
1.950000e-06	7.334712e-10	-3.063674e-10	3.977974e+00	-7.920709e+01
1.960000e-06	7.938393e-10	-2.684027e-10	4.305381e+00	-6.957888e+01
1.970000e-06	8.541491e-10	-2.299235e-10	4.632473e+00	-5.988760e+01
1.980000e-06	9.144040e-10	-1.910467e-10	4.959266e+00	-5.014062e+01
1.990000e-06	9.746073e-10	-1.521868e-10	5.285780e+00	-4.034535e+01
2.000000e-06	1.034761e-09	-1.133709e-10	5.612026e+00	-3.050911e+01
2.010000e-06	1.094867e-09	-7.456872e-11	5.938009e+00	-2.063902e+01
2.020000e-06	1.154920e-09	-3.563218e-11	6.263709e+00	-1.074181e+01
2.030000e-06	1.214915e-09	3.657452e-12	6.589098e+00	-8.237513e-01
2.040000e-06	1.274852e-09	4.307802e-11	6.914167e+00	9.109439e+00
2.050000e-06	1.334728e-09	8.214481e-11	7.238906e+00	1.905263e+01
2.060000e-06	1.394541e-09	1.211097e-10	7.563302e+00	2.900125e+01
2.070000e-06	1.454293e-09	1.603639e-10	7.887368e+00	3.895116e+01
2.080000e-06	1.513979e-09	1.994365e-10	8.211078e+00	4.889858e+01
2.090000e-06	1.573594e-09	2.381668e-10	8.534404e+00	5.883983e+01
2.100000e-06	1.633135e-09	2.767218e-10	8.857328e+00	6.877119e+01
2.110000e-06	1.692597e-09	3.152141e-10	9.179818e+00	7.868866e+01
2.120000e-06	1.751973e-09	3.542412e-10	9.501848e+00	8.858777e+01
2.130000e-06	1.811257e-09	3.938832e-10	9.823376e+00	9.846349e+01
2.140000e-06	1.870431e-09	4.330403e-10	1.014431e+01	1.083101e+02
2.150000e-06	1.929476e-09	4.713453e-10	1.046454e+01	1.181211e+02
2.160000e-06	1.988359e-09	5.095058e-10	1.078389e+01	1.278895e+02
2.170000e-06	2.047046e-09	5.477958e-10	1.110218e+01	1.376078e+02
2.180000e-06	2.105509e-09	5.858028e-10	1.141926e+01	1.472680e+02
2.190000e-06	2.163715e-09	6.233721e-10	1.173494e+01	1.568621e+02
2.200000e-06	2.221644e-09	6.608509e-10	1.204911e+01	1.663823e+02
2.210000e-06	2.279278e-09	6.982855e-10	1.236169e+01	1.758213e+02
2.220000e-06	2.336608e-09	7.352305e-10	1.267262e+01	1.851720e+02
2.230000e-06	2.393646e-09	7.716487e-10	1.298196e+01	1.944285e+02
2.240000e-06	2.450406e-09	8.076829e-10	1.328980e+01	2.035856e+02
2.250000e-06	2.506920e-09	8.429279e-10	1.359631e+01	2.126387e+02
2.260000e-06	2.563222e-09	8.774794e-10	1.390166e+01	2.215845e+02
2.270000e-06	2.619346e-09	9.119763e-10	1.420605e+01	2.304200e+02
2.280000e-06	2.675322e-09	9.464554e-10	1.450964e+01	2.391428e+02
2.290000e-06	2.731167e-09	9.804374e-10	1.481251e+01	2.477507e+02
2.300000e-06	2.786890e-09	1.013762e-09	1.511473e+01	2.562415e+02
2.310000e-06	2.842493e-09	1.046824e-09	1.541629e+01	2.646130e+02
2.320000e-06	2.897962e-09	1.079731e-09	1.571713e+01	2.728623e+02
2.330000e-06	2.953273e-09	1.112349e-09	1.601711e+01	2.809862e+02
2.340000e-06	3.008396e-09	1.144351e-09	1.631607e+01	2.889809e+02
2.350000e-06	3.063310e-09	1.175207e-09	1.661390e+01	2.968421e+02
2.360000e-06	3.118003e-09	1.204834e-09	1.691053e+01	3.045650e+02
2.370000e-06	3.172471e-09	1.233908e-09	1.720594e+01	3.121447e+02
2.380000e-06	3.226718e-09	1.263074e-09	1.750015e+01	3.195762e+02
2.390000e-06	3.280750e-09	1.291967e-09	1.779319e+01	3.268549e+02
2.400000e-06	3.334580e-09	1.320109e-09	1.808514e+01	3.339766e+02
2.410000e-06	3.388207e-09	1.347716e-09	1.837599e+01	3.409379e+02
2.420000e-06	3.441614e-09	1.374795e-09	1.866564e+01	3.477365e+02
2.430000e-06	3.494777e-09	1.400933e-09	1.895397e+01	3.543709e+02
2.440000e-06	3.547675e-09	1.426187e-09	1.924086e+01	3.608409e+02
2.450000e-06	3.600288e-09	1.450764e-09	1.952621e+01	3.671475e+02
2.460000e-06	3.652614e-09	1.474731e-09	1.981000e+01	3.732923e+02
2.470000e-06	3.704654e-09	1.498589e-09	2.009224e+01	3.792779e+02
2.480000e-06	3.756413e-09	1.522458e-09	2.037296e+01	3.851075e+02
2.490000e-06	3.807881e-09	1.545394e-09	2.065209e+01	3.907843e+02
2.500000e-06	3.859029e-09	1.567100e-09	2.092950e+01	3.963116e+02
2.510000e-06	3.909811e-09	1.588320e-09	2.120491e+01	4.016927e+02
2.520000e-06	3.960171e-09	1.609293e-09	2.147804e+01	4.069301e+02
2.530000e-06	4.010068e-09	1.629678e-09	2.174866e+01	4.120263e+02
2.540000e-06	4.059486e-09	1.649214e-09	2.201667e+01	4.169829e+02
2.550000e-06	4.108448e-09	1.667779e-09	2.228222e+01	4.218010e+02
2.560000e-06	4.157009e-09	1.685790e-09	2.254559e+01	4.264817e+02
2.570000e-06	4.205234e-09	1.703961e-09	2.280714e+01	4.310255e+02
2.580000e-06	4.253185e-09	1.721873e-09	2.306720e+01	4.354333e+02
2.590000e-06	4.300913e-09	1.738711e-09	2.332606e+01	4.397060e+02
2.600000e-06	4.348422e-09	1.754695e-09	2.358373e+01	4.438451e+02
2.610000e-06	4.395681e-09	1.770212e-09	2.384003e+01	4.478528e+02
2.620000e-06	4.442638e-09	1.785235e-09	2.409470e+01	4.517320e+02
2.630000e-06	4.489253e-09	1.799623e-09	2.434753e+01	4.554864e+02
2.640000e-06	4.535519e-09	1.813347e-09	2.459845e+01	4.591207e+02
2.650000e-06	4.581460e-09	1.826699e-09	2.484761e+01	4.626403e+02
2.660000e-06	4.627103e-09	1.840227e-09	2.509516e+01	4.660511e+02
2.670000e-06	4.672450e-09	1.853957e-09	2.534110e+01	4.693595e+02
2.680000e-06	4.717486e-09	1.866798e-09	2.558535e+01	4.725722e+02
2.690000e-06	4.762192e-09	1.878342e-09	2.582782e+01	4.756956e+02
2.700000e-06	4.806577e-09	1.889773e-09	2.606854e+01	4.787360e+02
2.710000e-06	4.850677e-09	1.901426e-09	2.630771e+01	4.816992e+02
2.720000e-06	4.894541e-09	1.912603e-09	2.654561e+01	4.845905e+02
2.730000e-06	4.938202e-09	1.923307e-09	2.678241e+01	4.874144e+02
2.740000e-06	4.981635e-09	1.933782e-09	2.701797e+01	4.901749e+02
2.750000e-06	5.024745e-09	1.944110e-09	2.725178e+01	4.928753e+02
2.760000e-06	5.067403e-09	1.954521e-09	2.748313e+01	4.955184e+02
2.770000e-06	5.109486e-09	1.964936e-09	2.771137e+01	4.981065e+02
2.780000e-06	5.150933e-09	1.974870e-09	2.793616e+01	5.006416e+02
2.790000e-06	5.191784e-09	1.984090e-09	2.815771e+01	5.031256e+02
2.800000e-06	5.232151e-09	1.992999e-09	2.837664e+01	5.055605e+02
2.810000e-06	5.272165e-09	2.002140e-09	2.859366e+01	5.079481e+02
2.820000e-06	5.311926e-09	2.011552e-09	2.880931e+01	5.102904e+02
2.830000e-06	5.351462e-09	2.020644e-09	2.902373e+01	5.125894e+02
2.840000e-06	5.390726e-09	2.029160e-09	2.923668e+01	5.148472e+02
2.850000e-06	5.429642e-09	2.037625e-09	2.944774e+01	5.170658e+02
2.860000e-06	5.468158e-09	2.046262e-09	2.965663e+01	5.192472e+02
2.870000e-06	5.506257e-09	2.054660e-09	2.986327e+01	5.213929e+02
2.880000e-06	5.543946e-09	2.062758e-09	3.006767e+01	5.235043e+02
2.890000e-06	5.581225e-09	2.070770e-09	3.026986e+01	5.255823e+02
2.900000e-06	5.618091e-09	2.078838e-09	3.046980e+01	5.276273e+02
2.910000e-06	5.654562e-09	2.087006e-09	3.066760e+01	5.296395e+02
2.920000e-06	5.690684e-09	2.094765e-09	3.086351e+01	5.316186e+02
2.930000e-06	5.726534e-09	2.101983e-09	3.105794e+01	5.335639e+02
2.940000e-06	5.762143e-09	2.109251e-09	3.125107e+01	5.354749e+02
2.950000e-06	5.797466e-09	2.116830e-09	3.144265e+01	5.373508e+02
2.960000e-06	5.832383e-09	2.124324e-09	3.163202e+01	5.391911e+02
2.970000e-06	5.866739e-09	2.131347e-09	3.181835e+01	5.409954e+02
2.980000e-06	5.900416e-09	2.138320e-09	3.200100e+01	5.427637e+02
2.990000e-06	5.933401e-09	2.145382e-09	3.217989e+01	5.444965e+02
3.000000e-06	5.965807e-09	2.152337e-09	3.235564e+01	5.461946e+02
3.010000e-06	5.997795e-09	2.159545e-09	3.252913e+01	5.478592e+02
3.020000e-06	6.029480e-09	2.166813e-09	3.270098e+01	5.494916e+02
3.030000e-06	6.060873e-09	2.173439e-09	3.287124e+01	5.510936e+02
3.040000e-06	6.091900e-09	2.179464e-09	3.303952e+01	5.526667e+02
3.050000e-06	6.122488e-09	2.185468e-09	3.320541e+01	5.542125e+02
3.060000e-06	6.152622e-09	2.191522e-09	3.336884e+01	5.557322e+02
3.070000e-06	6.182323e-09	2.197659e-09	3.352993e+01	5.572267e+02
3.080000e-06	6.211605e-09	2.204135e-09	3.368873e+01	5.586965e+02
3.090000e-06	6.240464e-09	2.210734e-09	3.384525e+01	5.601416e+02
3.100000e-06	6.268912e-09	2.216887e-09	3.399954e+01	5.615618e+02
3.110000e-06	6.297005e-09	2.222411e-09	3.415191e+01	5.629563e+02
3.120000e-06	6.324807e-09	2.227617e-09	3.430269e+01	5.643243e+02
3.130000e-06	6.352323e-09	2.232718e-09	3.445193e+01	5.656650e+02
3.140000e-06	6.379452e-09	2.237915e-09	3.459906e+01	5.669774e+02
3.150000e-06	6.406010e-09	2.243431e-09	3.474310e+01	5.682609e+02
3.160000e-06	6.431830e-09	2.249059e-09	3.488313e+01	5.695152e+02
3.170000e-06	6.456877e-09	2.254700e-09	3.501898e+01	5.707403e+02
3.180000e-06	6.481279e-09	2.260194e-09	3.515132e+01	5.719367e+02
3.190000e-06	6.505218e-09	2.265213e-09	3.528115e+01	5.731049e+02
3.200000e-06	6.528793e-09	2.269860e-09	3.540901e+01	5.742461e+02
3.210000e-06	6.551981e-09	2.274341e-09	3.553477e+01	5.753613e+02
3.220000e-06	6.574715e-09	2.278732e-09	3.565807e+01	5.764516e+02
3.230000e-06	6.596984e-09	2.283286e-09	3.577885e+01	5.775181e+02
3.240000e-06	6.618816e-09	2.287967e-09	3.589725e+01	5.785614e+02
3.250000e-06	6.640214e-09	2.292235e-09	3.601331e+01	5.795818e+02
3.260000e-06	6.661146e-09	2.296012e-09	3.612683e+01	5.805793e+02
3.270000e-06	6.681602e-09	2.299485e-09	3.623778e+01	5.815533e+02
3.280000e-06	6.701657e-09	2.302947e-09	3.634655e+01	5.825031e+02
3.290000e-06	6.721401e-09	2.306760e-09	3.645363e+01	5.834275e+02
3.300000e-06	6.740831e-09	2.310686e-09	3.655901e+01	5.843254e+02
3.310000e-06	6.759842e-09	2.314254e-09	3.666211e+01	5.851957e+02
3.320000e-06	6.778309e-09	2.317490e-09	3.676227e+01	5.860377e+02
3.330000e-06	6.796192e-09	2.320490e-09	3.685926e+01	5.868511e+02
3.340000e-06	6.813541e-09	2.323241e-09	3.695335e+01	5.876360e+02
3.350000e-06	6.830460e-09	2.325826e-09	3.704511e+01	5.883934e+02
3.360000e-06	6.846997e-09	2.328522e-09	3.713480e+01	5.891247e+02
3.370000e-06	6.863075e-09	2.331584e-09	3.722200e+01	5.898320e+02
3.380000e-06	6.878570e-09	2.334680e-09	3.730604e+01	5.905178e+02
3.390000e-06	6.893416e-09	2.337416e-09	3.738656e+01	5.911847e+02
3.400000e-06	6.907651e-09	2.339997e-09	3.746376e+01	5.918353e+02
3.410000e-06	6.921364e-09	2.342632e-09	3.753813e+01	5.924721e+02
3.420000e-06	6.934580e-09	2.345004e-09	3.760981e+01	5.930968e+02
3.430000e-06	6.947274e-09	2.346923e-09	3.767866e+01	5.937106e+02
3.440000e-06	6.959464e-09	2.348645e-09	3.774477e+01	5.943140e+02
3.450000e-06	6.971183e-09	2.350506e-09	3.780833e+01	5.949062e+02
3.460000e-06	6.982389e-09	2.352662e-09	3.786910e+01	5.954860e+02
3.470000e-06	6.992947e-09	2.355003e-09	3.792636e+01	5.960513e+02
3.480000e-06	7.002721e-09	2.357236e-09	3.797937e+01	5.965995e+02
3.490000e-06	7.011706e-09	2.359236e-09	3.802810e+01	5.971277e+02
3.500000e-06	7.020052e-09	2.361227e-09	3.807337e+01	5.976333e+02
3.510000e-06	7.027965e-09	2.363064e-09	3.811629e+01	5.981138e+02
3.520000e-06	7.035544e-09	2.364637e-09	3.815739e+01	5.985675e+02
3.530000e-06	7.042737e-09	2.366037e-09	3.819640e+01	5.989933e+02
3.540000e-06	7.049446e-09	2.367178e-09	3.823279e+01	5.993913e+02
3.550000e-06	7.055634e-09	2.368191e-09	3.826635e+01	5.997625e+02
3.560000e-06	7.061316e-09	2.369259e-09	3.829717e+01	6.001087e+02
3.570000e-06	7.066489e-09	2.370573e-09	3.832523e+01	6.004324e+02
3.580000e-06	7.071144e-09	2.372052e-09	3.835047e+01	6.007367e+02
3.590000e-06	7.075342e-09	2.373497e-09	3.837324e+01	6.010246e+02
3.600000e-06	7.079189e-09	2.374756e-09	3.839410e+01	6.012991e+02
3.610000e-06	7.082720e-09	2.375703e-09	3.841325e+01	6.015623e+02
3.620000e-06	7.085822e-09	2.376315e-09	3.843008e+01	6.018158e+02
3.630000e-06	7.088306e-09	2.376534e-09	3.844355e+01	6.020599e+02
3.640000e-06	7.090034e-09	2.376606e-09	3.845292e+01	6.022938e+02
3.650000e-06	7.090993e-09	2.376980e-09	3.845812e+01	6.025158e+02
3.660000e-06	7.091326e-09	2.377879e-09	3.845993e+01	6.027230e+02
3.670000e-06	7.091226e-09	2.379166e-09	3.845939e+01	6.029119e+02
3.680000e-06	7.090779e-09	2.380222e-09	3.845696e+01	6.030788e+02
3.690000e-06	7.089929e-09	2.380717e-09	3.845235e+01	6.032200e+02
3.700000e-06	7.088588e-09	2.381020e-09	3.844508e+01	6.033325e+02
3.710000e-06	7.086759e-09	2.381307e-09	3.843516e+01	6.034140e+02
3.720000e-06	7.084496e-09	2.380835e-09	3.842289e+01	6.034636e+02
3.730000e-06	7.081801e-09	2.377669e-09	3.840827e+01	6.034820e+02
3.740000e-06	7.078638e-09	2.374383e-09	3.839112e+01	6.034714e+02
3.750000e-06	7.074982e-09	2.384807e-09	3.837129e+01	6.034356e+02
3.760000e-06	7.070757e-09	2.406514e-09	3.834837e+01	6.033796e+02
3.770000e-06	7.065751e-09	2.401076e-09	3.832123e+01	6.033093e+02
3.780000e-06	7.059908e-09	2.365633e-09	3.828954e+01	6.032316e+02
3.790000e-06	7.053619e-09	2.356773e-09	3.825543e+01	6.031528e+02
3.800000e-06	7.047211e-09	2.390323e-09	3.822067e+01	6.030790e+02
3.810000e-06	7.040443e-09	2.403447e-09	3.818397e+01	6.030153e+02
3.820000e-06	7.032974e-09	2.364442e-09	3.814346e+01	6.029654e+02
3.830000e-06	7.024908e-09	2.345495e-09	3.809971e+01	6.029310e+02
3.840000e-06	7.016506e-09	2.382534e-09	3.805415e+01	6.029123e+02
3.850000e-06	7.007722e-09	2.399918e-09	3.800650e+01	6.029073e+02
3.860000e-06	6.998341e-09	2.360506e-09	3.795563e+01	6.029124e+02
3.870000e-06	6.988398e-09	2.340353e-09	3.790170e+01	6.029229e+02
3.880000e-06	6.978082e-09	2.375210e-09	3.784576e+01	6.029328e+02
3.890000e-06	6.967357e-09	2.386819e-09	3.778759e+01	6.029361e+02
3.900000e-06	6.956047e-09	2.353618e-09	3.772625e+01	6.029265e+02
3.910000e-06	6.944160e-09	2.351090e-09	3.766178e+01	6.028986e+02
3.920000e-06	6.931735e-09	2.383994e-09	3.759439e+01	6.028482e+02
3.930000e-06	6.918599e-09	2.379332e-09	3.752315e+01	6.027722e+02
3.940000e-06	6.904631e-09	2.349430e-09	3.744739e+01	6.026693e+02
3.950000e-06	6.889974e-09	2.360782e-09	3.736790e+01	6.025394e+02
3.960000e-06	6.874755e-09	2.384009e-09	3.728536e+01	6.023841e+02
3.970000e-06	6.858987e-09	2.364539e-09	3.719984e+01	6.022059e+02
3.980000e-06	6.842779e-09	2.347734e-09	3.711194e+01	6.020080e+02
3.990000e-06	6.826228e-09	2.367553e-09	3.702217e+01	6.017937e+02
4.000000e-06	6.809236e-09	2.368543e-09	3.693001e+01	6.015659e+02
4.010000e-06	6.791701e-09	2.344307e-09	3.683491e+01	6.013269e+02
4.020000e-06	6.773685e-09	2.352610e-09	3.673720e+01	6.010774e+02
4.030000e-06	6.755240e-09	2.373668e-09	3.663717e+01	6.008169e+02
4.040000e-06	6.736324e-09	2.354876e-09	3.653458e+01	6.005434e+02
4.050000e-06	6.716937e-09	2.336783e-09	3.642943e+01	6.002532e+02
4.060000e-06	6.697147e-09	2.355136e-09	3.632210e+01	5.999413e+02
4.070000e-06	6.677001e-09	2.359345e-09	3.621284e+01	5.996019e+02
4.080000e-06	6.656500e-09	2.341905e-09	3.610165e+01	5.992286e+02
4.090000e-06	6.635567e-09	2.349478e-09	3.598812e+01	5.988153e+02
4.100000e-06	6.614013e-09	2.362135e-09	3.587122e+01	5.983561e+02
4.110000e-06	6.591684e-09	2.348289e-09	3.575012e+01	5.978467e+02
4.120000e-06	6.568614e-09	2.342522e-09	3.562501e+01	5.972839e+02
4.130000e-06	6.544965e-09	2.354520e-09	3.549674e+01	5.966666e+02
4.140000e-06	6.520911e-09	2.346026e-09	3.536628e+01	5.959954e+02
4.150000e-06	6.496547e-09	2.329651e-09	3.523414e+01	5.952729e+02
4.160000e-06	6.471813e-09	2.335337e-09	3.510000e+01	5.945033e+02
4.170000e-06	6.446607e-09	2.339722e-09	3.496330e+01	5.936921e+02
4.180000e-06	6.420932e-09	2.325007e-09	3.482405e+01	5.928456e+02
4.190000e-06	6.394821e-09	2.316170e-09	3.468244e+01	5.919706e+02
4.200000e-06	6.368236e-09	2.320199e-09	3.453825e+01	5.910735e+02
4.210000e-06	6.341140e-09	2.318613e-09	3.439130e+01	5.901599e+02
4.220000e-06	6.313574e-09	2.312952e-09	3.424179e+01	5.892345e+02
4.230000e-06	6.285639e-09	2.311936e-09	3.409028e+01	5.883003e+02
4.240000e-06	6.257424e-09	2.308355e-09	3.393726e+01	5.873588e+02
4.250000e-06	6.228916e-09	2.299113e-09	3.378265e+01	5.864099e+02
4.260000e-06	6.199996e-09	2.293584e-09	3.362580e+01	5.854519e+02
4.270000e-06	6.170500e-09	2.293900e-09	3.346583e+01	5.844820e+02
4.280000e-06	6.140320e-09	2.291600e-09	3.330215e+01	5.834965e+02
4.290000e-06	6.109443e-09	2.284602e-09	3.313469e+01	5.824914e+02
4.300000e-06	6.077966e-09	2.280279e-09	3.296397e+01	5.814625e+02
4.310000e-06	6.046040e-09	2.278741e-09	3.279082e+01	5.804064e+02
4.320000e-06	6.013774e-09	2.274025e-09	3.261582e+01	5.793202e+02
4.330000e-06	5.981175e-09	2.267335e-09	3.243902e+01	5.782025e+02
4.340000e-06	5.948184e-09	2.262728e-09	3.226009e+01	5.770527e+02
4.350000e-06	5.914749e-09	2.258359e-09	3.207876e+01	5.758715e+02
4.360000e-06	5.880883e-09	2.254325e-09	3.189509e+01	5.746607e+02
4.370000e-06	5.846636e-09	2.251608e-09	3.170935e+01	5.734229e+02
4.380000e-06	5.812018e-09	2.246659e-09	3.152160e+01	5.721612e+02
4.390000e-06	5.777007e-09	2.238660e-09	3.133172e+01	5.708788e+02
4.400000e-06	5.741593e-09	2.232444e-09	3.113965e+01	5.695786e+02
4.410000e-06	5.705811e-09	2.228628e-09	3.094558e+01	5.682632e+02
4.420000e-06	5.669740e-09	2.223917e-09	3.074995e+01	5.669339e+02
4.430000e-06	5.633413e-09	2.217590e-09	3.055293e+01	5.655914e+02
4.440000e-06	5.596768e-09	2.211840e-09	3.035418e+01	5.642351e+02
4.450000e-06	5.559674e-09	2.207731e-09	3.015300e+01	5.628632e+02
4.460000e-06	5.521979e-09	2.203339e-09	2.994857e+01	5.614734e+02
4.470000e-06	5.483604e-09	2.196759e-09	2.974044e+01	5.600624e+02
4.480000e-06	5.444586e-09	2.189844e-09	2.952883e+01	5.586266e+02
4.490000e-06	5.405052e-09	2.183918e-09	2.931441e+01	5.571624e+02
4.500000e-06	5.365145e-09	2.177739e-09	2.909798e+01	5.556663e+02
4.510000e-06	5.324957e-09	2.171913e-09	2.888002e+01	5.541356e+02
4.520000e-06	5.284515e-09	2.166715e-09	2.866068e+01	5.525682e+02
4.530000e-06	5.243788e-09	2.160041e-09	2.843979e+01	5.509628e+02
4.540000e-06	5.202723e-09	2.152003e-09	2.821708e+01	5.493193e+02
4.550000e-06	5.161292e-09	2.145562e-09	2.799237e+01	5.476383e+02
4.560000e-06	5.119496e-09	2.140198e-09	2.776570e+01	5.459213e+02
4.570000e-06	5.077357e-09	2.133134e-09	2.753715e+01	5.441703e+02
4.580000e-06	5.034881e-09	2.125087e-09	2.730679e+01	5.423878e+02
4.590000e-06	4.992051e-09	2.117941e-09	2.707449e+01	5.405760e+02
4.600000e-06	4.948833e-09	2.110748e-09	2.684010e+01	5.387376e+02
4.610000e-06	4.905236e-09	2.103112e-09	2.660365e+01	5.368743e+02
4.620000e-06	4.861340e-09	2.095908e-09	2.636558e+01	5.349877e+02
4.630000e-06	4.817216e-09	2.088751e-09	2.612627e+01	5.330788e+02
4.640000e-06	4.772869e-09	2.080753e-09	2.588576e+01	5.311477e+02
4.650000e-06	4.728258e-09	2.072995e-09	2.564381e+01	5.291944e+02
4.660000e-06	4.683332e-09	2.065952e-09	2.540015e+01	5.272180e+02
4.670000e-06	4.638068e-09	2.058090e-09	2.515466e+01	5.252176e+02
4.680000e-06	4.592471e-09	2.048962e-09	2.490736e+01	5.231922e+02
4.690000e-06	4.546536e-09	2.040196e-09	2.465824e+01	5.211406e+02
4.700000e-06	4.500248e-09	2.032227e-09	2.440720e+01	5.190621e+02
4.710000e-06	4.453618e-09	2.024099e-09	2.415429e+01	5.169561e+02
4.720000e-06	4.406687e-09	2.015800e-09	2.389976e+01	5.148225e+02
4.730000e-06	4.359488e-09	2.007463e-09	2.364378e+01	5.126616e+02
4.740000e-06	4.312003e-09	1.998545e-09	2.338625e+01	5.104739e+02
4.750000e-06	4.264194e-09	1.989311e-09	2.312695e+01	5.082603e+02
4.760000e-06	4.216018e-09	1.980351e-09	2.286567e+01	5.060219e+02
4.770000e-06	4.167444e-09	1.971364e-09	2.260223e+01	5.037595e+02
4.780000e-06	4.118470e-09	1.962164e-09	2.233662e+01	5.014741e+02
4.790000e-06	4.069123e-09	1.952947e-09	2.206899e+01	4.991663e+02
4.800000e-06	4.019446e-09	1.943717e-09	2.179956e+01	4.968361e+02
4.810000e-06	3.969464e-09	1.934487e-09	2.152848e+01	4.944834e+02
4.820000e-06	3.919197e-09	1.925229e-09	2.125586e+01	4.921075e+02
4.830000e-06	3.868652e-09	1.915447e-09	2.098173e+01	4.897071e+02
4.840000e-06	3.817813e-09	1.905092e-09	2.070600e+01	4.872809e+02
4.850000e-06	3.766661e-09	1.894812e-09	2.042858e+01	4.848270e+02
4.860000e-06	3.715196e-09	1.884986e-09	2.014946e+01	4.823434e+02
4.870000e-06	3.663442e-09	1.875016e-09	1.986877e+01	4.798282e+02
4.880000e-06	3.611420e-09	1.864795e-09	1.958663e+01	4.772796e+02
4.890000e-06	3.559155e-09	1.854553e-09	1.930316e+01	4.746957e+02
4.900000e-06	3.506651e-09	1.844037e-09	1.901841e+01	4.720751e+02
4.910000e-06	3.453879e-09	1.833352e-09	1.873220e+01	4.694166e+02
4.920000e-06	3.400807e-09	1.822791e-09	1.844436e+01	4.667190e+02
4.930000e-06	3.347395e-09	1.811863e-09	1.815468e+01	4.639816e+02
4.940000e-06	3.293613e-09	1.800669e-09	1.786300e+01	4.612037e+02
4.950000e-06	3.239456e-09	1.790141e-09	1.756928e+01	4.583846e+02
4.960000e-06	3.184928e-09	1.779834e-09	1.727355e+01	4.555237e+02
4.970000e-06	3.130041e-09	1.768537e-09	1.697587e+01	4.526203e+02
4.980000e-06	3.074826e-09	1.756560e-09	1.667641e+01	4.496732e+02
4.990000e-06	3.019323e-09	1.744702e-09	1.637539e+01	4.466816e+02
5.000000e-06	2.963574e-09	1.732651e-09	1.607303e+01	4.436440e+02
5.010000e-06	2.907624e-09	1.720097e-09	1.576959e+01	4.405590e+02
5.020000e-06	2.851514e-09	1.707356e-09	1.546527e+01	4.374248e+02
5.030000e-06	2.795270e-09	1.694656e-09	1.516023e+01	4.342398e+02
5.040000e-06	2.738907e-09	1.682139e-09	1.485454e+01	4.310022e+02
5.050000e-06	2.682421e-09	1.669526e-09	1.454819e+01	4.277100e+02
5.060000e-06	2.625802e-09	1.656079e-09	1.424112e+01	4.243616e+02
5.070000e-06	2.569036e-09	1.641980e-09	1.393325e+01	4.209551e+02
5.080000e-06	2.512112e-09	1.627936e-09	1.362452e+01	4.174890e+02
5.090000e-06	2.455024e-09	1.614113e-09	1.331490e+01	4.139614e+02
5.100000e-06	2.397760e-09	1.600343e-09	1.300433e+01	4.103708e+02
5.110000e-06	2.340314e-09	1.586281e-09	1.269277e+01	4.067152e+02
5.120000e-06	2.282690e-09	1.571544e-09	1.238024e+01	4.029929e+02
5.130000e-06	2.224888e-09	1.556283e-09	1.206676e+01	3.992016e+02
5.140000e-06	2.166912e-09	1.540905e-09	1.175232e+01	3.953393e+02
5.150000e-06	2.108766e-09	1.525480e-09	1.143697e+01	3.914034e+02
5.160000e-06	2.050457e-09	1.509565e-09	1.112072e+01	3.873914e+02
5.170000e-06	1.991999e-09	1.492977e-09	1.080368e+01	3.833007e+02
5.180000e-06	1.933408e-09	1.476137e-09	1.048591e+01	3.791285e+02
5.190000e-06	1.874688e-09	1.459399e-09	1.016744e+01	3.748726e+02
5.200000e-06	1.815842e-09	1.442289e-09	9.848286e+00	3.705305e+02
5.210000e-06	1.756870e-09	1.424111e-09	9.528453e+00	3.661003e+02
5.220000e-06	1.697772e-09	1.405309e-09	9.207931e+00	3.615807e+02
5.230000e-06	1.638550e-09	1.386872e-09	8.886742e+00	3.569705e+02
5.240000e-06	1.579208e-09	1.368917e-09	8.564902e+00	3.522692e+02
5.250000e-06	1.519750e-09	1.350880e-09	8.242431e+00	3.474765e+02
5.260000e-06	1.460186e-09	1.332016e-09	7.919380e+00	3.425924e+02
5.270000e-06	1.400518e-09	1.312110e-09	7.595769e+00	3.376170e+02
5.280000e-06	1.340754e-09	1.291862e-09	7.271640e+00	3.325501e+02
5.290000e-06	1.280909e-09	1.271611e-09	6.947067e+00	3.273913e+02
5.300000e-06	1.220991e-09	1.250941e-09	6.622101e+00	3.221394e+02
5.310000e-06	1.161012e-09	1.229827e-09	6.296804e+00	3.167925e+02
5.320000e-06	1.100984e-09	1.208663e-09	5.971238e+00	3.113474e+02
5.330000e-06	1.040915e-09	1.187450e-09	5.645453e+00	3.058000e+02
5.340000e-06	9.808111e-10	1.165773e-09	5.319478e+00	3.001450e+02
5.350000e-06	9.206711e-10	1.143315e-09	4.993307e+00	2.943759e+02
5.360000e-06	8.604960e-10	1.120192e-09	4.666945e+00	2.884854e+02
5.370000e-06	8.002894e-10	1.096243e-09	4.340413e+00	2.824655e+02
5.380000e-06	7.400503e-10	1.071525e-09	4.013704e+00	2.763076e+02
5.390000e-06	6.797789e-10	1.046559e-09	3.686820e+00	2.700034e+02
5.400000e-06	6.194762e-10	1.021376e-09	3.359766e+00	2.635449e+02
5.410000e-06	5.591435e-10	9.957453e-10	3.032550e+00	2.569247e+02
5.420000e-06	4.987831e-10	9.695410e-10	2.705183e+00	2.501367e+02
5.430000e-06	4.384002e-10	9.426517e-10	2.377695e+00	2.431761e+02
5.440000e-06	3.779978e-10	9.149354e-10	2.050101e+00	2.360398e+02
5.450000e-06	3.175792e-10	8.860435e-10	1.722418e+00	2.287264e+02
5.460000e-06	2.571570e-10	8.558024e-10	1.394717e+00	2.212362e+02
5.470000e-06	1.967350e-10	8.247966e-10	1.067016e+00	2.135712e+02
5.480000e-06	1.363127e-10	7.939895e-10	7.393137e-01	2.057350e+02
5.490000e-06	7.589290e-11	7.634033e-10	4.116253e-01	1.977324e+02
5.500000e-06	1.547281e-11	7.322582e-10	8.393508e-02	1.895692e+02
5.510000e-06	-4.494774e-11	7.002933e-10	-2.437577e-01	1.812520e+02
5.520000e-06	-1.053690e-10	6.675676e-10	-5.714544e-01	1.727880e+02
5.530000e-06	-1.657919e-10	6.339394e-10	-8.991598e-01	1.641843e+02
5.540000e-06	-2.262176e-10	5.992704e-10	-1.226880e+00	1.554482e+02
5.550000e-06	-2.866391e-10	5.638477e-10	-1.554578e+00	1.465871e+02
5.560000e-06	-3.470464e-10	5.283335e-10	-1.882199e+00	1.376077e+02
5.570000e-06	-4.074355e-10	4.932100e-10	-2.209721e+00	1.285170e+02
5.580000e-06	-4.678019e-10	4.582763e-10	-2.537120e+00	1.193215e+02
5.590000e-06	-5.281435e-10	4.227421e-10	-2.864385e+00	1.100278e+02
5.600000e-06	-5.884577e-10	3.863403e-10	-3.191501e+00	1.006425e+02
5.610000e-06	-6.487387e-10	3.494791e-10	-3.518437e+00	9.117214e+01
5.620000e-06	-7.089830e-10	3.123883e-10	-3.845174e+00	8.162360e+01
5.630000e-06	-7.691898e-10	2.748403e-10	-4.171708e+00	7.200386e+01
5.640000e-06	-8.293599e-10	2.367050e-10	-4.498043e+00	6.232013e+01
5.650000e-06	-8.894961e-10	1.982361e-10	-4.824194e+00	5.257976e+01
5.660000e-06	-9.495996e-10	1.598264e-10	-5.150167e+00	4.279017e+01
5.670000e-06	-1.009667e-09	1.216651e-10	-5.475943e+00	3.295869e+01
5.680000e-06	-1.069692e-09	8.339860e-11	-5.801494e+00	2.309246e+01
5.690000e-06	-1.129672e-09	4.473597e-11	-6.126795e+00	1.319829e+01
5.700000e-06	-1.189595e-09	5.712661e-12	-6.451791e+00	3.282513e+00
5.710000e-06	-1.249447e-09	-3.342584e-11	-6.776399e+00	-6.649089e+00
5.720000e-06	-1.309219e-09	-7.229381e-11	-7.100574e+00	-1.659130e+01
5.730000e-06	-1.368903e-09	-1.108092e-10	-7.424269e+00	-2.653947e+01
5.740000e-06	-1.428485e-09	-1.493881e-10	-7.747414e+00	-3.648942e+01
5.750000e-06	-1.487952e-09	-1.882167e-10	-8.069937e+00	-4.643730e+01
5.760000e-06	-1.547300e-09	-2.269677e-10	-8.391810e+00	-5.637944e+01
5.770000e-06	-1.606526e-09	-2.654815e-10	-8.713023e+00	-6.631211e+01
5.780000e-06	-1.665628e-09	-3.040932e-10	-9.033562e+00	-7.623136e+01
5.790000e-06	-1.724604e-09	-3.430703e-10	-9.353419e+00	-8.613278e+01
5.800000e-06	-1.783457e-09	-3.822837e-10	-9.672610e+00	-9.601142e+01
5.810000e-06	-1.842190e-09	-4.213400e-10	-9.991152e+00	-1.058616e+02
5.820000e-06	-1.900798e-09	-4.596972e-10	-1.030901e+01	-1.156771e+02
5.830000e-06	-1.959275e-09	-4.973462e-10	-1.062616e+01	-1.254507e+02
5.840000e-06	-2.017612e-09	-5.349100e-10	-1.094255e+01	-1.351751e+02
5.850000e-06	-2.075799e-09	-5.725962e-10	-1.125814e+01	-1.448424e+02
5.860000e-06	-2.133833e-09	-6.098964e-10	-1.157288e+01	-1.544446e+02
5.870000e-06	-2.191698e-09	-6.467478e-10	-1.188671e+01	-1.639739e+02
5.880000e-06	-2.249380e-09	-6.836144e-10	-1.219955e+01	-1.734227e+02
5.890000e-06	-2.306875e-09	-7.206700e-10	-1.251138e+01	-1.827842e+02
5.900000e-06	-2.364174e-09	-7.574772e-10	-1.282214e+01	-1.920521e+02
5.910000e-06	-2.421278e-09	-7.934521e-10	-1.313184e+01	-2.012211e+02
5.920000e-06	-2.478200e-09	-8.285747e-10	-1.344056e+01	-2.102868e+02
5.930000e-06	-2.534956e-09	-8.632494e-10	-1.374838e+01	-2.192454e+02
5.940000e-06	-2.591566e-09	-8.978644e-10	-1.405540e+01	-2.280941e+02
5.950000e-06	-2.648047e-09	-9.322829e-10	-1.436173e+01	-2.368303e+02
5.960000e-06	-2.704407e-09	-9.661610e-10	-1.466740e+01	-2.454519e+02
5.970000e-06	-2.760653e-09	-9.994446e-10	-1.497245e+01	-2.539567e+02
5.980000e-06	-2.816780e-09	-1.032507e-09	-1.527686e+01	-2.623423e+02
5.990000e-06	-2.872771e-09	-1.065436e-09	-1.558053e+01	-2.706062e+02
6.000000e-06	-2.928593e-09	-1.097663e-09	-1.588328e+01	-2.787450e+02
6.010000e-06	-2.984201e-09	-1.128875e-09	-1.618487e+01	-2.867551e+02
6.020000e-06	-3.039544e-09	-1.159348e-09	-1.648502e+01	-2.946323e+02
6.030000e-06	-3.094574e-09	-1.189672e-09	-1.678348e+01	-3.023717e+02
6.040000e-06	-3.149251e-09	-1.219809e-09	-1.708002e+01	-3.099686e+02
6.050000e-06	-3.203545e-09	-1.249654e-09	-1.737448e+01	-3.174178e+02
6.060000e-06	-3.257449e-09	-1.279087e-09	-1.766683e+01	-3.247148e+02
6.070000e-06	-3.310981e-09	-1.307597e-09	-1.795716e+01	-3.318553e+02
6.080000e-06	-3.364169e-09	-1.335173e-09	-1.824563e+01	-3.388358e+02
6.090000e-06	-3.417049e-09	-1.362109e-09	-1.853242e+01	-3.456538e+02
6.100000e-06	-3.469658e-09	-1.388246e-09	-1.881774e+01	-3.523078e+02
6.110000e-06	-3.522013e-09	-1.413437e-09	-1.910170e+01	-3.587975e+02
6.120000e-06	-3.574127e-09	-1.438446e-09	-1.938434e+01	-3.651235e+02
6.130000e-06	-3.625992e-09	-1.463602e-09	-1.966563e+01	-3.712876e+02
6.140000e-06	-3.677583e-09	-1.488056e-09	-1.994543e+01	-3.772921e+02
6.150000e-06	-3.728882e-09	-1.511085e-09	-2.022365e+01	-3.831402e+02
6.160000e-06	-3.779885e-09	-1.533000e-09	-2.050027e+01	-3.888350e+02
6.170000e-06	-3.830590e-09	-1.554295e-09	-2.077526e+01	-3.943801e+02
6.180000e-06	-3.881004e-09	-1.575137e-09	-2.104869e+01	-3.997785e+02
6.190000e-06	-3.931124e-09	-1.595783e-09	-2.132051e+01	-4.050331e+02
6.200000e-06	-3.980916e-09	-1.616347e-09	-2.159056e+01	-4.101460e+02
6.210000e-06	-4.030334e-09	-1.636500e-09	-2.185858e+01	-4.151192e+02
6.220000e-06	-4.079326e-09	-1.655927e-09	-2.212429e+01	-4.199538e+02
6.230000e-06	-4.127868e-09	-1.674381e-09	-2.238755e+01	-4.246508e+02
6.240000e-06	-4.175973e-09	-1.691785e-09	-2.264845e+01	-4.292110e+02
6.250000e-06	-4.223678e-09	-1.708574e-09	-2.290718e+01	-4.336350e+02
6.260000e-06	-4.271030e-09	-1.725132e-09	-2.316400e+01	-4.379237e+02
6.270000e-06	-4.318090e-09	-1.741767e-09	-2.341923e+01	-4.420787e+02
6.280000e-06	-4.364901e-09	-1.758574e-09	-2.367311e+01	-4.461020e+02
6.290000e-06	-4.411487e-09	-1.774957e-09	-2.392577e+01	-4.499963e+02
6.300000e-06	-4.457845e-09	-1.790111e-09	-2.417719e+01	-4.537654e+02
6.310000e-06	-4.503944e-09	-1.804208e-09	-2.442721e+01	-4.574139e+02
6.320000e-06	-4.549738e-09	-1.817823e-09	-2.467558e+01	-4.609469e+02
6.330000e-06	-4.595191e-09	-1.830951e-09	-2.492209e+01	-4.643704e+02
6.340000e-06	-4.640288e-09	-1.843694e-09	-2.516667e+01	-4.676908e+02
6.350000e-06	-4.685057e-09	-1.856550e-09	-2.540948e+01	-4.709146e+02
6.360000e-06	-4.729558e-09	-1.869461e-09	-2.565083e+01	-4.740483e+02
6.370000e-06	-4.773850e-09	-1.882038e-09	-2.589105e+01	-4.770983e+02
6.380000e-06	-4.817949e-09	-1.894375e-09	-2.613022e+01	-4.800704e+02
6.390000e-06	-4.861821e-09	-1.906239e-09	-2.636817e+01	-4.829700e+02
6.400000e-06	-4.905398e-09	-1.916832e-09	-2.660451e+01	-4.858017e+02
6.410000e-06	-4.948616e-09	-1.926709e-09	-2.683890e+01	-4.885695e+02
6.420000e-06	-4.991463e-09	-1.937062e-09	-2.707128e+01	-4.912768e+02
6.430000e-06	-5.033960e-09	-1.947671e-09	-2.730176e+01	-4.939265e+02
6.440000e-06	-5.076126e-09	-1.958182e-09	-2.753045e+01	-4.965208e+02
6.450000e-06	-5.117953e-09	-1.968666e-09	-2.775730e+01	-4.990620e+02
6.460000e-06	-5.159408e-09	-1.978467e-09	-2.798213e+01	-5.015519e+02
6.470000e-06	-5.200477e-09	-1.987430e-09	-2.820487e+01	-5.039923e+02
6.480000e-06	-5.241193e-09	-1.996369e-09	-2.842570e+01	-5.063853e+02
6.490000e-06	-5.281624e-09	-2.005305e-09	-2.864498e+01	-5.087326e+02
6.500000e-06	-5.321823e-09	-2.014065e-09	-2.886300e+01	-5.110365e+02
6.510000e-06	-5.361781e-09	-2.023117e-09	-2.907971e+01	-5.132989e+02
6.520000e-06	-5.401420e-09	-2.032513e-09	-2.929469e+01	-5.155219e+02
6.530000e-06	-5.440612e-09	-2.041745e-09	-2.950725e+01	-5.177074e+02
6.540000e-06	-5.479229e-09	-2.050542e-09	-2.971669e+01	-5.198570e+02
6.550000e-06	-5.517197e-09	-2.058611e-09	-2.992261e+01	-5.219722e+02
6.560000e-06	-5.554539e-09	-2.066118e-09	-3.012513e+01	-5.240538e+02
6.570000e-06	-5.591364e-09	-2.073861e-09	-3.032486e+01	-5.261025e+02
6.580000e-06	-5.627817e-09	-2.082058e-09	-3.052255e+01	-5.281183e+02
6.590000e-06	-5.663998e-09	-2.090026e-09	-3.071878e+01	-5.301010e+02
6.600000e-06	-5.699912e-09	-2.097624e-09	-3.091357e+01	-5.320502e+02
6.610000e-06	-5.735490e-09	-2.105234e-09	-3.110653e+01	-5.339650e+02
6.620000e-06	-5.770661e-09	-2.112559e-09	-3.129728e+01	-5.358448e+02
6.630000e-06	-5.805402e-09	-2.119360e-09	-3.148569e+01	-5.376891e+02
6.640000e-06	-5.839726e-09	-2.125979e-09	-3.167185e+01	-5.394974e+02
6.650000e-06	-5.873639e-09	-2.132722e-09	-3.185578e+01	-5.412697e+02
6.660000e-06	-5.907115e-09	-2.139435e-09	-3.203734e+01	-5.430064e+02
6.670000e-06	-5.940151e-09	-2.146217e-09	-3.221651e+01	-5.447083e+02
6.680000e-06	-5.972793e-09	-2.153172e-09	-3.239354e+01	-5.463765e+02
6.690000e-06	-6.005107e-09	-2.159763e-09	-3.256880e+01	-5.480124e+02
6.700000e-06	-6.037110e-09	-2.165731e-09	-3.274237e+01	-5.496176e+02
6.710000e-06	-6.068708e-09	-2.171556e-09	-3.291374e+01	-5.511938e+02
6.720000e-06	-6.099755e-09	-2.177603e-09	-3.308212e+01	-5.527425e+02
6.730000e-06	-6.130135e-09	-2.183578e-09	-3.324689e+01	-5.542649e+02
6.740000e-06	-6.159820e-09	-2.189133e-09	-3.340788e+01	-5.557620e+02
6.750000e-06	-6.188892e-09	-2.194580e-09	-3.356556e+01	-5.572345e+02
6.760000e-06	-6.217511e-09	-2.200288e-09	-3.372077e+01	-5.586822e+02
6.770000e-06	-6.245811e-09	-2.205963e-09	-3.387426e+01	-5.601051e+02
6.780000e-06	-6.273829e-09	-2.211237e-09	-3.402621e+01	-5.615024e+02
6.790000e-06	-6.301492e-09	-2.216130e-09	-3.417625e+01	-5.628733e+02
6.800000e-06	-6.328704e-09	-2.220896e-09	-3.432383e+01	-5.642170e+02
6.810000e-06	-6.355433e-09	-2.225979e-09	-3.446880e+01	-5.655325e+02
6.820000e-06	-6.381694e-09	-2.231529e-09	-3.461122e+01	-5.668192e+02
6.830000e-06	-6.407482e-09	-2.236737e-09	-3.475109e+01	-5.680767e+02
6.840000e-06	-6.432778e-09	-2.241147e-09	-3.488828e+01	-5.693050e+02
6.850000e-06	-6.457613e-09	-2.245564e-09	-3.502297e+01	-5.705044e+02
6.860000e-06	-6.482090e-09	-2.250323e-09	-3.515572e+01	-5.716756e+02
6.870000e-06	-6.506289e-09	-2.254786e-09	-3.528697e+01	-5.728196e+02
6.880000e-06	-6.530172e-09	-2.258662e-09	-3.541650e+01	-5.739376e+02
6.890000e-06	-6.553594e-09	-2.262326e-09	-3.554353e+01	-5.750305e+02
6.900000e-06	-6.576386e-09	-2.266367e-09	-3.566714e+01	-5.760994e+02
6.910000e-06	-6.598440e-09	-2.270758e-09	-3.578675e+01	-5.771452e+02
6.920000e-06	-6.619777e-09	-2.274909e-09	-3.590247e+01	-5.781680e+02
6.930000e-06	-6.640544e-09	-2.278473e-09	-3.601510e+01	-5.791679e+02
6.940000e-06	-6.660924e-09	-2.281613e-09	-3.612563e+01	-5.801445e+02
6.950000e-06	-6.680993e-09	-2.284844e-09	-3.623448e+01	-5.810969e+02
6.960000e-06	-6.700691e-09	-2.288367e-09	-3.634131e+01	-5.820241e+02
6.970000e-06	-6.719921e-09	-2.291793e-09	-3.644560e+01	-5.829249e+02
6.980000e-06	-6.738663e-09	-2.294900e-09	-3.654725e+01	-5.837982e+02
6.990000e-06	-6.756965e-09	-2.297978e-09	-3.664651e+01	-5.846433e+02
7.000000e-06	-6.774831e-09	-2.301504e-09	-3.674341e+01	-5.854598e+02
7.010000e-06	-6.792218e-09	-2.305386e-09	-3.683771e+01	-5.862478e+02
7.020000e-06	-6.809128e-09	-2.308863e-09	-3.692942e+01	-5.870081e+02
7.030000e-06	-6.825650e-09	-2.311493e-09	-3.701903e+01	-5.877422e+02
7.040000e-06	-6.841850e-09	-2.313541e-09	-3.710689e+01	-5.884519e+02
7.050000e-06	-6.857652e-09	-2.315853e-09	-3.719259e+01	-5.891399e+02
7.060000e-06	-6.872841e-09	-2.318666e-09	-3.727497e+01	-5.898086e+02
7.070000e-06	-6.887220e-09	-2.321297e-09	-3.735296e+01	-5.904607e+02
7.080000e-06	-6.900782e-09	-2.323445e-09	-3.742651e+01	-5.910987e+02
7.090000e-06	-6.913682e-09	-2.325498e-09	-3.749647e+01	-5.917244e+02
7.100000e-06	-6.926074e-09	-2.327831e-09	-3.756368e+01	-5.923392e+02
7.110000e-06	-6.937996e-09	-2.330427e-09	-3.762834e+01	-5.929435e+02
7.120000e-06	-6.949402e-09	-2.332762e-09	-3.769020e+01	-5.935368e+02
7.130000e-06	-6.960285e-09	-2.334522e-09	-3.774922e+01	-5.941178e+02
7.140000e-06	-6.970698e-09	-2.336400e-09	-3.780570e+01	-5.946846e+02
7.150000e-06	-6.980661e-09	-2.338815e-09	-3.785973e+01	-5.952347e+02
7.160000e-06	-6.990131e-09	-2.341230e-09	-3.791110e+01	-5.957652e+02
7.170000e-06	-6.999103e-09	-2.343087e-09	-3.795975e+01	-5.962733e+02
7.180000e-06	-7.007657e-09	-2.344420e-09	-3.800615e+01	-5.967566e+02
7.190000e-06	-7.015885e-09	-2.345980e-09	-3.805077e+01	-5.972132e+02
7.200000e-06	-7.023752e-09	-2.348141e-09	-3.809344e+01	-5.976420e+02
7.210000e-06	-7.031097e-09	-2.350272e-09	-3.813328e+01	-5.980431e+02
7.220000e-06	-7.037741e-09	-2.351657e-09	-3.816931e+01	-5.984171e+02
7.230000e-06	-7.043598e-09	-2.352564e-09	-3.820108e+01	-5.987658e+02
7.240000e-06	-7.048736e-09	-2.353744e-09	-3.822894e+01	-5.990918e+02
7.250000e-06	-7.053349e-09	-2.355246e-09	-3.825396e+01	-5.993980e+02
7.260000e-06	-7.057604e-09	-2.356854e-09	-3.827704e+01	-5.996874e+02
7.270000e-06	-7.061512e-09	-2.358266e-09	-3.829823e+01	-5.999630e+02
7.280000e-06	-7.064976e-09	-2.359448e-09	-3.831702e+01	-6.002272e+02
7.290000e-06	-7.067938e-09	-2.360888e-09	-3.833309e+01	-6.004815e+02
7.300000e-06	-7.070441e-09	-2.362441e-09	-3.834666e+01	-6.007264e+02
7.310000e-06	-7.072515e-09	-2.363686e-09	-3.835791e+01	-6.009613e+02
7.320000e-06	-7.074068e-09	-2.364565e-09	-3.836633e+01	-6.011845e+02
7.330000e-06	-7.075071e-09	-2.365304e-09	-3.837177e+01	-6.013933e+02
7.340000e-06	-7.075665e-09	-2.366426e-09	-3.837499e+01	-6.015843e+02
