# Temperatura_=_0.566722129783693
# Concentracion g/m^3_=_11700.0
# C_Vs_to_Am_M_A/Vsm_=_254322799225.57578
# pendiente_HvsI_1/m_=_3716.3
# ordenada_HvsI_A/m_=_1297.0
# frecuencia_Hz_=_136211.067254542
# Promedio de 601 ciclos

Tiempo_(s)	Campo_(V.s)	Magnetizacion_(V.s)	Campo_(kA/m)	Magnetizacion_(A/m)
0.000000e+00	-7.074714e-09	-2.190765e-09	-3.837849e+01	-5.570047e+02
1.000000e-08	-7.074928e-09	-2.191595e-09	-3.837965e+01	-5.570991e+02
2.000000e-08	-7.074778e-09	-2.191929e-09	-3.837883e+01	-5.571771e+02
3.000000e-08	-7.074103e-09	-2.191898e-09	-3.837518e+01	-5.572388e+02
4.000000e-08	-7.072716e-09	-2.191795e-09	-3.836765e+01	-5.572842e+02
5.000000e-08	-7.070546e-09	-2.191836e-09	-3.835588e+01	-5.573137e+02
6.000000e-08	-7.067693e-09	-2.191968e-09	-3.834040e+01	-5.573275e+02
7.000000e-08	-7.064333e-09	-2.192352e-09	-3.832217e+01	-5.573260e+02
8.000000e-08	-7.060566e-09	-2.192737e-09	-3.830174e+01	-5.573096e+02
9.000000e-08	-7.056276e-09	-2.190929e-09	-3.827847e+01	-5.572783e+02
1.000000e-07	-7.051255e-09	-2.187019e-09	-3.825123e+01	-5.572320e+02
1.100000e-07	-7.045553e-09	-2.186619e-09	-3.822030e+01	-5.571705e+02
1.200000e-07	-7.039508e-09	-2.191834e-09	-3.818751e+01	-5.570930e+02
1.300000e-07	-7.033286e-09	-2.193776e-09	-3.815375e+01	-5.569985e+02
1.400000e-07	-7.026666e-09	-2.190382e-09	-3.811784e+01	-5.568859e+02
1.500000e-07	-7.019468e-09	-2.186200e-09	-3.807879e+01	-5.567535e+02
1.600000e-07	-7.011838e-09	-2.187823e-09	-3.803740e+01	-5.566001e+02
1.700000e-07	-7.003875e-09	-2.191704e-09	-3.799420e+01	-5.564243e+02
1.800000e-07	-6.995341e-09	-2.190092e-09	-3.794791e+01	-5.562251e+02
1.900000e-07	-6.986008e-09	-2.185989e-09	-3.789728e+01	-5.560023e+02
2.000000e-07	-6.976033e-09	-2.185038e-09	-3.784317e+01	-5.557560e+02
2.100000e-07	-6.965650e-09	-2.187527e-09	-3.778684e+01	-5.554875e+02
2.200000e-07	-6.954736e-09	-2.188518e-09	-3.772764e+01	-5.551989e+02
2.300000e-07	-6.943136e-09	-2.187839e-09	-3.766471e+01	-5.548932e+02
2.400000e-07	-6.930960e-09	-2.185571e-09	-3.759866e+01	-5.545742e+02
2.500000e-07	-6.918274e-09	-2.183963e-09	-3.752984e+01	-5.542466e+02
2.600000e-07	-6.904974e-09	-2.184540e-09	-3.745770e+01	-5.539155e+02
2.700000e-07	-6.891047e-09	-2.184029e-09	-3.738215e+01	-5.535861e+02
2.800000e-07	-6.876498e-09	-2.178959e-09	-3.730322e+01	-5.532634e+02
2.900000e-07	-6.861192e-09	-2.176479e-09	-3.722019e+01	-5.529520e+02
3.000000e-07	-6.845120e-09	-2.177910e-09	-3.713300e+01	-5.526554e+02
3.100000e-07	-6.828518e-09	-2.174450e-09	-3.704294e+01	-5.523761e+02
3.200000e-07	-6.811550e-09	-2.170045e-09	-3.695089e+01	-5.521151e+02
3.300000e-07	-6.794190e-09	-2.171237e-09	-3.685672e+01	-5.518714e+02
3.400000e-07	-6.776428e-09	-2.170776e-09	-3.676036e+01	-5.516429e+02
3.500000e-07	-6.758254e-09	-2.167423e-09	-3.666178e+01	-5.514253e+02
3.600000e-07	-6.739589e-09	-2.168426e-09	-3.656052e+01	-5.512133e+02
3.700000e-07	-6.720412e-09	-2.170299e-09	-3.645649e+01	-5.509999e+02
3.800000e-07	-6.700834e-09	-2.165461e-09	-3.635029e+01	-5.507777e+02
3.900000e-07	-6.680911e-09	-2.161012e-09	-3.624221e+01	-5.505387e+02
4.000000e-07	-6.660567e-09	-2.163238e-09	-3.613185e+01	-5.502750e+02
4.100000e-07	-6.639743e-09	-2.163176e-09	-3.601888e+01	-5.499791e+02
4.200000e-07	-6.618443e-09	-2.157241e-09	-3.590334e+01	-5.496445e+02
4.300000e-07	-6.596683e-09	-2.155995e-09	-3.578529e+01	-5.492660e+02
4.400000e-07	-6.574482e-09	-2.157672e-09	-3.566486e+01	-5.488398e+02
4.500000e-07	-6.551830e-09	-2.152340e-09	-3.554198e+01	-5.483639e+02
4.600000e-07	-6.528722e-09	-2.147388e-09	-3.541663e+01	-5.478380e+02
4.700000e-07	-6.505239e-09	-2.147380e-09	-3.528923e+01	-5.472634e+02
4.800000e-07	-6.481443e-09	-2.144762e-09	-3.516014e+01	-5.466428e+02
4.900000e-07	-6.457252e-09	-2.139544e-09	-3.502892e+01	-5.459800e+02
5.000000e-07	-6.432505e-09	-2.137943e-09	-3.489467e+01	-5.452796e+02
5.100000e-07	-6.407070e-09	-2.136750e-09	-3.475669e+01	-5.445466e+02
5.200000e-07	-6.380886e-09	-2.133438e-09	-3.461465e+01	-5.437861e+02
5.300000e-07	-6.354021e-09	-2.129573e-09	-3.446892e+01	-5.430028e+02
5.400000e-07	-6.326658e-09	-2.126196e-09	-3.432048e+01	-5.422006e+02
5.500000e-07	-6.298956e-09	-2.123221e-09	-3.417020e+01	-5.413827e+02
5.600000e-07	-6.270946e-09	-2.119787e-09	-3.401826e+01	-5.405512e+02
5.700000e-07	-6.242558e-09	-2.115769e-09	-3.386426e+01	-5.397070e+02
5.800000e-07	-6.213732e-09	-2.113592e-09	-3.370788e+01	-5.388502e+02
5.900000e-07	-6.184478e-09	-2.110896e-09	-3.354919e+01	-5.379799e+02
6.000000e-07	-6.154834e-09	-2.105403e-09	-3.338838e+01	-5.370945e+02
6.100000e-07	-6.124792e-09	-2.102220e-09	-3.322541e+01	-5.361920e+02
6.200000e-07	-6.094310e-09	-2.100619e-09	-3.306005e+01	-5.352701e+02
6.300000e-07	-6.063390e-09	-2.094703e-09	-3.289232e+01	-5.343267e+02
6.400000e-07	-6.032098e-09	-2.089633e-09	-3.272257e+01	-5.333600e+02
6.500000e-07	-6.000509e-09	-2.088775e-09	-3.255120e+01	-5.323686e+02
6.600000e-07	-5.968627e-09	-2.084295e-09	-3.237825e+01	-5.313517e+02
6.700000e-07	-5.936338e-09	-2.077839e-09	-3.220309e+01	-5.303093e+02
6.800000e-07	-5.903463e-09	-2.075280e-09	-3.202475e+01	-5.292418e+02
6.900000e-07	-5.869896e-09	-2.071569e-09	-3.184266e+01	-5.281504e+02
7.000000e-07	-5.835650e-09	-2.065350e-09	-3.165689e+01	-5.270366e+02
7.100000e-07	-5.800825e-09	-2.062497e-09	-3.146797e+01	-5.259020e+02
7.200000e-07	-5.765565e-09	-2.059503e-09	-3.127670e+01	-5.247486e+02
7.300000e-07	-5.730001e-09	-2.053327e-09	-3.108377e+01	-5.235781e+02
7.400000e-07	-5.694188e-09	-2.048651e-09	-3.088949e+01	-5.223918e+02
7.500000e-07	-5.658087e-09	-2.044865e-09	-3.069365e+01	-5.211908e+02
7.600000e-07	-5.621612e-09	-2.038577e-09	-3.049579e+01	-5.199757e+02
7.700000e-07	-5.584704e-09	-2.033251e-09	-3.029557e+01	-5.187465e+02
7.800000e-07	-5.547349e-09	-2.029362e-09	-3.009293e+01	-5.175026e+02
7.900000e-07	-5.509585e-09	-2.024361e-09	-2.988807e+01	-5.162431e+02
8.000000e-07	-5.471437e-09	-2.019940e-09	-2.968113e+01	-5.149668e+02
8.100000e-07	-5.432879e-09	-2.016248e-09	-2.947196e+01	-5.136720e+02
8.200000e-07	-5.393896e-09	-2.010642e-09	-2.926049e+01	-5.123572e+02
8.300000e-07	-5.354567e-09	-2.004525e-09	-2.904714e+01	-5.110206e+02
8.400000e-07	-5.315000e-09	-1.999206e-09	-2.883250e+01	-5.096607e+02
8.500000e-07	-5.275221e-09	-1.993724e-09	-2.861670e+01	-5.082763e+02
8.600000e-07	-5.235155e-09	-1.988631e-09	-2.839936e+01	-5.068664e+02
8.700000e-07	-5.194679e-09	-1.984149e-09	-2.817978e+01	-5.054302e+02
8.800000e-07	-5.153686e-09	-1.978985e-09	-2.795741e+01	-5.039673e+02
8.900000e-07	-5.112144e-09	-1.973411e-09	-2.773206e+01	-5.024774e+02
9.000000e-07	-5.070085e-09	-1.967979e-09	-2.750390e+01	-5.009607e+02
9.100000e-07	-5.027525e-09	-1.961710e-09	-2.727302e+01	-4.994170e+02
9.200000e-07	-4.984482e-09	-1.955090e-09	-2.703952e+01	-4.978466e+02
9.300000e-07	-4.941044e-09	-1.949176e-09	-2.680389e+01	-4.962494e+02
9.400000e-07	-4.897325e-09	-1.943405e-09	-2.656672e+01	-4.946254e+02
9.500000e-07	-4.853367e-09	-1.937027e-09	-2.632826e+01	-4.929743e+02
9.600000e-07	-4.809122e-09	-1.930197e-09	-2.608824e+01	-4.912959e+02
9.700000e-07	-4.764537e-09	-1.923208e-09	-2.584638e+01	-4.895895e+02
9.800000e-07	-4.719601e-09	-1.916576e-09	-2.560261e+01	-4.878548e+02
9.900000e-07	-4.674330e-09	-1.910282e-09	-2.535703e+01	-4.860910e+02
1.000000e-06	-4.628759e-09	-1.903593e-09	-2.510982e+01	-4.842977e+02
1.010000e-06	-4.582905e-09	-1.895841e-09	-2.486107e+01	-4.824746e+02
1.020000e-06	-4.536741e-09	-1.887945e-09	-2.461064e+01	-4.806214e+02
1.030000e-06	-4.490227e-09	-1.880642e-09	-2.435831e+01	-4.787381e+02
1.040000e-06	-4.443375e-09	-1.873656e-09	-2.410415e+01	-4.768250e+02
1.050000e-06	-4.396226e-09	-1.866461e-09	-2.384839e+01	-4.748827e+02
1.060000e-06	-4.348808e-09	-1.858850e-09	-2.359115e+01	-4.729120e+02
1.070000e-06	-4.301136e-09	-1.850942e-09	-2.333254e+01	-4.709138e+02
1.080000e-06	-4.253210e-09	-1.843186e-09	-2.307256e+01	-4.688891e+02
1.090000e-06	-4.204992e-09	-1.835646e-09	-2.281099e+01	-4.668388e+02
1.100000e-06	-4.156419e-09	-1.827811e-09	-2.254749e+01	-4.647640e+02
1.110000e-06	-4.107419e-09	-1.819311e-09	-2.228168e+01	-4.626652e+02
1.120000e-06	-4.057952e-09	-1.810531e-09	-2.201334e+01	-4.605429e+02
1.130000e-06	-4.008021e-09	-1.801835e-09	-2.174248e+01	-4.583971e+02
1.140000e-06	-3.957648e-09	-1.793049e-09	-2.146922e+01	-4.562275e+02
1.150000e-06	-3.906869e-09	-1.783993e-09	-2.119375e+01	-4.540332e+02
1.160000e-06	-3.855737e-09	-1.774845e-09	-2.091638e+01	-4.518131e+02
1.170000e-06	-3.804305e-09	-1.766470e-09	-2.063737e+01	-4.495658e+02
1.180000e-06	-3.752602e-09	-1.759173e-09	-2.035690e+01	-4.472896e+02
1.190000e-06	-3.700620e-09	-1.751582e-09	-2.007491e+01	-4.449826e+02
1.200000e-06	-3.648343e-09	-1.742228e-09	-1.979132e+01	-4.426428e+02
1.210000e-06	-3.595772e-09	-1.731707e-09	-1.950614e+01	-4.402686e+02
1.220000e-06	-3.542922e-09	-1.721649e-09	-1.921944e+01	-4.378582e+02
1.230000e-06	-3.489818e-09	-1.712400e-09	-1.893136e+01	-4.354102e+02
1.240000e-06	-3.436475e-09	-1.703092e-09	-1.864199e+01	-4.329236e+02
1.250000e-06	-3.382908e-09	-1.693366e-09	-1.835140e+01	-4.303975e+02
1.260000e-06	-3.329132e-09	-1.683473e-09	-1.805968e+01	-4.278317e+02
1.270000e-06	-3.275153e-09	-1.673848e-09	-1.776686e+01	-4.252260e+02
1.280000e-06	-3.220967e-09	-1.664132e-09	-1.747292e+01	-4.225807e+02
1.290000e-06	-3.166554e-09	-1.653473e-09	-1.717774e+01	-4.198961e+02
1.300000e-06	-3.111900e-09	-1.641917e-09	-1.688125e+01	-4.171727e+02
1.310000e-06	-3.057007e-09	-1.630319e-09	-1.658348e+01	-4.144110e+02
1.320000e-06	-3.001892e-09	-1.619107e-09	-1.628449e+01	-4.116114e+02
1.330000e-06	-2.946583e-09	-1.608277e-09	-1.598445e+01	-4.087739e+02
1.340000e-06	-2.891110e-09	-1.597788e-09	-1.568353e+01	-4.058985e+02
1.350000e-06	-2.835501e-09	-1.587263e-09	-1.538186e+01	-4.029846e+02
1.360000e-06	-2.779774e-09	-1.576126e-09	-1.507956e+01	-4.000314e+02
1.370000e-06	-2.723937e-09	-1.564351e-09	-1.477665e+01	-3.970375e+02
1.380000e-06	-2.667981e-09	-1.552050e-09	-1.447310e+01	-3.940011e+02
1.390000e-06	-2.611892e-09	-1.539253e-09	-1.416884e+01	-3.909202e+02
1.400000e-06	-2.555645e-09	-1.526264e-09	-1.386371e+01	-3.877924e+02
1.410000e-06	-2.499213e-09	-1.513680e-09	-1.355758e+01	-3.846150e+02
1.420000e-06	-2.442570e-09	-1.501641e-09	-1.325031e+01	-3.813853e+02
1.430000e-06	-2.385688e-09	-1.489543e-09	-1.294174e+01	-3.781005e+02
1.440000e-06	-2.328546e-09	-1.476985e-09	-1.263176e+01	-3.747576e+02
1.450000e-06	-2.271119e-09	-1.463802e-09	-1.232024e+01	-3.713539e+02
1.460000e-06	-2.213395e-09	-1.449984e-09	-1.200710e+01	-3.678868e+02
1.470000e-06	-2.155370e-09	-1.435789e-09	-1.169233e+01	-3.643540e+02
1.480000e-06	-2.097052e-09	-1.421394e-09	-1.137597e+01	-3.607530e+02
1.490000e-06	-2.038476e-09	-1.406709e-09	-1.105821e+01	-3.570821e+02
1.500000e-06	-1.979676e-09	-1.392135e-09	-1.073924e+01	-3.533394e+02
1.510000e-06	-1.920686e-09	-1.378169e-09	-1.041924e+01	-3.495232e+02
1.520000e-06	-1.861549e-09	-1.363935e-09	-1.009843e+01	-3.456321e+02
1.530000e-06	-1.802292e-09	-1.348530e-09	-9.776976e+00	-3.416646e+02
1.540000e-06	-1.742933e-09	-1.332395e-09	-9.454969e+00	-3.376192e+02
1.550000e-06	-1.683485e-09	-1.316197e-09	-9.132478e+00	-3.334946e+02
1.560000e-06	-1.623955e-09	-1.299881e-09	-8.809544e+00	-3.292891e+02
1.570000e-06	-1.564353e-09	-1.283024e-09	-8.486219e+00	-3.250009e+02
1.580000e-06	-1.504685e-09	-1.265671e-09	-8.162535e+00	-3.206282e+02
1.590000e-06	-1.444952e-09	-1.248187e-09	-7.838498e+00	-3.161689e+02
1.600000e-06	-1.385155e-09	-1.231019e-09	-7.514113e+00	-3.116204e+02
1.610000e-06	-1.325293e-09	-1.213760e-09	-7.189373e+00	-3.069804e+02
1.620000e-06	-1.265361e-09	-1.195304e-09	-6.864257e+00	-3.022459e+02
1.630000e-06	-1.205361e-09	-1.175445e-09	-6.538773e+00	-2.974139e+02
1.640000e-06	-1.145296e-09	-1.155133e-09	-6.212936e+00	-2.924812e+02
1.650000e-06	-1.085176e-09	-1.135103e-09	-5.886800e+00	-2.874446e+02
1.660000e-06	-1.025010e-09	-1.115088e-09	-5.560412e+00	-2.823004e+02
1.670000e-06	-9.647984e-10	-1.094441e-09	-5.233782e+00	-2.770450e+02
1.680000e-06	-9.045422e-10	-1.073342e-09	-4.906908e+00	-2.716747e+02
1.690000e-06	-8.442323e-10	-1.052172e-09	-4.579742e+00	-2.661857e+02
1.700000e-06	-7.838646e-10	-1.030496e-09	-4.252263e+00	-2.605740e+02
1.710000e-06	-7.234440e-10	-1.007806e-09	-3.924497e+00	-2.548355e+02
1.720000e-06	-6.629717e-10	-9.838898e-10	-3.596451e+00	-2.489661e+02
1.730000e-06	-6.024459e-10	-9.590956e-10	-3.268114e+00	-2.429615e+02
1.740000e-06	-5.418679e-10	-9.342004e-10	-2.939494e+00	-2.368176e+02
1.750000e-06	-4.812363e-10	-9.096429e-10	-2.610584e+00	-2.305302e+02
1.760000e-06	-4.205576e-10	-8.851304e-10	-2.281418e+00	-2.240949e+02
1.770000e-06	-3.598428e-10	-8.597886e-10	-1.952056e+00	-2.175080e+02
1.780000e-06	-2.990989e-10	-8.330670e-10	-1.622536e+00	-2.107656e+02
1.790000e-06	-2.383416e-10	-8.051999e-10	-1.292943e+00	-2.038647e+02
1.800000e-06	-1.775858e-10	-7.770517e-10	-9.633594e-01	-1.968027e+02
1.810000e-06	-1.168365e-10	-7.490018e-10	-6.338104e-01	-1.895777e+02
1.820000e-06	-5.608882e-11	-7.200997e-10	-3.042703e-01	-1.821889e+02
1.830000e-06	4.657353e-12	-6.898935e-10	2.526175e-02	-1.746368e+02
1.840000e-06	6.540250e-11	-6.592245e-10	3.547883e-01	-1.669229e+02
1.850000e-06	1.261513e-10	-6.286486e-10	6.843347e-01	-1.590504e+02
1.860000e-06	1.869035e-10	-5.973670e-10	1.013900e+00	-1.510235e+02
1.870000e-06	2.476521e-10	-5.647360e-10	1.343445e+00	-1.428485e+02
1.880000e-06	3.083874e-10	-5.309980e-10	1.672918e+00	-1.345327e+02
1.890000e-06	3.691040e-10	-4.967413e-10	2.002289e+00	-1.260848e+02
1.900000e-06	4.297975e-10	-4.625089e-10	2.331536e+00	-1.175146e+02
1.910000e-06	4.904540e-10	-4.282532e-10	2.660581e+00	-1.088329e+02
1.920000e-06	5.510616e-10	-3.937555e-10	2.989362e+00	-1.000510e+02
1.930000e-06	6.116190e-10	-3.586903e-10	3.317870e+00	-9.118041e+01
1.940000e-06	6.721167e-10	-3.229272e-10	3.646054e+00	-8.223272e+01
1.950000e-06	7.325491e-10	-2.871523e-10	3.973884e+00	-7.321901e+01
1.960000e-06	7.929200e-10	-2.515728e-10	4.301381e+00	-6.414970e+01
1.970000e-06	8.532297e-10	-2.156431e-10	4.628545e+00	-5.503424e+01
1.980000e-06	9.134853e-10	-1.793244e-10	4.955416e+00	-4.588093e+01
1.990000e-06	9.736915e-10	-1.428912e-10	5.282019e+00	-3.669681e+01
2.000000e-06	1.033848e-09	-1.065158e-10	5.608351e+00	-2.748762e+01
2.010000e-06	1.093951e-09	-7.005453e-11	5.934397e+00	-1.825786e+01
2.020000e-06	1.154000e-09	-3.336066e-11	6.260149e+00	-9.010928e+00
2.030000e-06	1.213994e-09	3.662668e-12	6.585600e+00	2.506808e-01
2.040000e-06	1.273927e-09	4.085537e-11	6.910724e+00	9.525074e+00
2.050000e-06	1.333800e-09	7.759327e-11	7.235521e+00	1.881068e+01
2.060000e-06	1.393609e-09	1.140243e-10	7.559970e+00	2.810590e+01
2.070000e-06	1.453354e-09	1.509490e-10	7.884070e+00	3.740882e+01
2.080000e-06	1.513034e-09	1.879438e-10	8.207818e+00	4.671692e+01
2.090000e-06	1.572644e-09	2.239397e-10	8.531191e+00	5.602682e+01
2.100000e-06	1.632181e-09	2.595790e-10	8.854161e+00	6.533417e+01
2.110000e-06	1.691634e-09	2.964731e-10	9.176683e+00	7.463352e+01
2.120000e-06	1.751000e-09	3.342065e-10	9.498725e+00	8.391832e+01
2.130000e-06	1.810270e-09	3.711185e-10	9.820255e+00	9.318108e+01
2.140000e-06	1.869430e-09	4.069143e-10	1.014118e+01	1.024134e+02
2.150000e-06	1.928452e-09	4.423692e-10	1.046136e+01	1.116064e+02
2.160000e-06	1.987315e-09	4.781500e-10	1.078067e+01	1.207507e+02
2.170000e-06	2.045992e-09	5.143944e-10	1.109898e+01	1.298370e+02
2.180000e-06	2.104446e-09	5.502957e-10	1.141608e+01	1.388560e+02
2.190000e-06	2.162643e-09	5.850078e-10	1.173178e+01	1.477992e+02
2.200000e-06	2.220558e-09	6.192487e-10	1.204595e+01	1.566584e+02
2.210000e-06	2.278177e-09	6.539474e-10	1.235852e+01	1.654267e+02
2.220000e-06	2.335497e-09	6.885435e-10	1.266946e+01	1.740977e+02
2.230000e-06	2.392530e-09	7.219704e-10	1.297885e+01	1.826665e+02
2.240000e-06	2.449290e-09	7.543425e-10	1.328676e+01	1.911287e+02
2.250000e-06	2.505799e-09	7.866912e-10	1.359331e+01	1.994810e+02
2.260000e-06	2.562095e-09	8.193814e-10	1.389870e+01	2.077209e+02
2.270000e-06	2.618215e-09	8.519410e-10	1.420313e+01	2.158464e+02
2.280000e-06	2.674188e-09	8.837116e-10	1.450677e+01	2.238558e+02
2.290000e-06	2.730032e-09	9.142506e-10	1.480971e+01	2.317478e+02
2.300000e-06	2.785754e-09	9.441909e-10	1.511199e+01	2.395210e+02
2.310000e-06	2.841354e-09	9.743767e-10	1.541361e+01	2.471742e+02
2.320000e-06	2.896818e-09	1.004230e-09	1.571448e+01	2.547058e+02
2.330000e-06	2.952124e-09	1.033033e-09	1.601450e+01	2.621142e+02
2.340000e-06	3.007245e-09	1.060928e-09	1.631353e+01	2.693975e+02
2.350000e-06	3.062160e-09	1.088561e-09	1.661142e+01	2.765538e+02
2.360000e-06	3.116854e-09	1.116442e-09	1.690813e+01	2.835811e+02
2.370000e-06	3.171320e-09	1.144061e-09	1.720359e+01	2.904776e+02
2.380000e-06	3.225559e-09	1.170347e-09	1.749782e+01	2.972412e+02
2.390000e-06	3.279589e-09	1.195599e-09	1.779092e+01	3.038706e+02
2.400000e-06	3.333414e-09	1.221004e-09	1.808290e+01	3.103644e+02
2.410000e-06	3.387027e-09	1.246486e-09	1.837374e+01	3.167217e+02
2.420000e-06	3.440417e-09	1.271506e-09	1.866337e+01	3.229419e+02
2.430000e-06	3.493563e-09	1.295900e-09	1.895167e+01	3.290249e+02
2.440000e-06	3.546444e-09	1.319416e-09	1.923854e+01	3.349707e+02
2.450000e-06	3.599043e-09	1.342032e-09	1.952387e+01	3.407797e+02
2.460000e-06	3.651357e-09	1.364134e-09	1.980766e+01	3.464525e+02
2.470000e-06	3.703392e-09	1.385572e-09	2.008994e+01	3.519897e+02
2.480000e-06	3.755143e-09	1.406216e-09	2.037068e+01	3.573917e+02
2.490000e-06	3.806599e-09	1.426770e-09	2.064981e+01	3.626593e+02
2.500000e-06	3.857731e-09	1.447569e-09	2.092719e+01	3.677926e+02
2.510000e-06	3.908489e-09	1.468219e-09	2.120254e+01	3.727921e+02
2.520000e-06	3.958827e-09	1.488243e-09	2.147561e+01	3.776579e+02
2.530000e-06	4.008702e-09	1.507187e-09	2.174617e+01	3.823902e+02
2.540000e-06	4.058100e-09	1.524861e-09	2.201413e+01	3.869891e+02
2.550000e-06	4.107042e-09	1.541695e-09	2.227963e+01	3.914549e+02
2.560000e-06	4.155587e-09	1.558204e-09	2.254298e+01	3.957882e+02
2.570000e-06	4.203797e-09	1.574407e-09	2.280450e+01	3.999898e+02
2.580000e-06	4.251737e-09	1.590363e-09	2.306456e+01	4.040613e+02
2.590000e-06	4.299457e-09	1.606605e-09	2.332343e+01	4.080046e+02
2.600000e-06	4.346960e-09	1.622923e-09	2.358112e+01	4.118221e+02
2.610000e-06	4.394207e-09	1.638339e-09	2.383743e+01	4.155172e+02
2.620000e-06	4.441146e-09	1.652074e-09	2.409206e+01	4.190937e+02
2.630000e-06	4.487746e-09	1.664158e-09	2.434486e+01	4.225559e+02
2.640000e-06	4.534004e-09	1.675873e-09	2.459579e+01	4.259088e+02
2.650000e-06	4.579937e-09	1.688362e-09	2.484497e+01	4.291577e+02
2.660000e-06	4.625571e-09	1.701309e-09	2.509252e+01	4.323081e+02
2.670000e-06	4.670906e-09	1.713638e-09	2.533845e+01	4.353659e+02
2.680000e-06	4.715931e-09	1.725104e-09	2.558270e+01	4.383368e+02
2.690000e-06	4.760632e-09	1.736574e-09	2.582519e+01	4.412264e+02
2.700000e-06	4.805012e-09	1.748188e-09	2.606594e+01	4.440402e+02
2.710000e-06	4.849108e-09	1.758843e-09	2.630515e+01	4.467833e+02
2.720000e-06	4.892970e-09	1.768413e-09	2.654309e+01	4.494605e+02
2.730000e-06	4.936627e-09	1.777922e-09	2.677992e+01	4.520761e+02
2.740000e-06	4.980056e-09	1.788019e-09	2.701551e+01	4.546340e+02
2.750000e-06	5.023159e-09	1.798579e-09	2.724933e+01	4.571379e+02
2.760000e-06	5.065804e-09	1.808750e-09	2.748067e+01	4.595908e+02
2.770000e-06	5.107873e-09	1.817738e-09	2.770888e+01	4.619953e+02
2.780000e-06	5.149307e-09	1.826195e-09	2.793365e+01	4.643539e+02
2.790000e-06	5.190143e-09	1.835471e-09	2.815517e+01	4.666685e+02
2.800000e-06	5.230495e-09	1.845364e-09	2.837407e+01	4.689408e+02
2.810000e-06	5.270499e-09	1.854331e-09	2.859109e+01	4.711724e+02
2.820000e-06	5.310252e-09	1.862024e-09	2.880674e+01	4.733643e+02
2.830000e-06	5.349777e-09	1.869793e-09	2.902115e+01	4.755177e+02
2.840000e-06	5.389033e-09	1.878565e-09	2.923410e+01	4.776333e+02
2.850000e-06	5.427941e-09	1.887688e-09	2.944517e+01	4.797119e+02
2.860000e-06	5.466444e-09	1.895967e-09	2.965404e+01	4.817539e+02
2.870000e-06	5.504530e-09	1.903182e-09	2.986064e+01	4.837598e+02
2.880000e-06	5.542207e-09	1.910302e-09	3.006503e+01	4.857301e+02
2.890000e-06	5.579478e-09	1.918128e-09	3.026722e+01	4.876651e+02
2.900000e-06	5.616338e-09	1.926185e-09	3.046717e+01	4.895653e+02
2.910000e-06	5.652799e-09	1.933507e-09	3.066497e+01	4.914313e+02
2.920000e-06	5.688916e-09	1.939896e-09	3.086089e+01	4.932635e+02
2.930000e-06	5.724760e-09	1.946249e-09	3.105534e+01	4.950628e+02
2.940000e-06	5.760366e-09	1.953357e-09	3.124849e+01	4.968300e+02
2.950000e-06	5.795684e-09	1.960757e-09	3.144008e+01	4.985660e+02
2.960000e-06	5.830596e-09	1.967271e-09	3.162947e+01	5.002719e+02
2.970000e-06	5.864940e-09	1.972938e-09	3.181577e+01	5.019487e+02
2.980000e-06	5.898601e-09	1.979399e-09	3.199838e+01	5.035975e+02
2.990000e-06	5.931575e-09	1.986834e-09	3.217725e+01	5.052191e+02
3.000000e-06	5.963970e-09	1.993709e-09	3.235299e+01	5.068145e+02
3.010000e-06	5.995950e-09	1.999601e-09	3.252647e+01	5.083841e+02
3.020000e-06	6.027630e-09	2.005125e-09	3.269833e+01	5.099283e+02
3.030000e-06	6.059014e-09	2.010921e-09	3.286858e+01	5.114471e+02
3.040000e-06	6.090033e-09	2.017314e-09	3.303685e+01	5.129403e+02
3.050000e-06	6.120613e-09	2.023414e-09	3.320274e+01	5.144073e+02
3.060000e-06	6.150737e-09	2.028397e-09	3.336615e+01	5.158474e+02
3.070000e-06	6.180429e-09	2.033417e-09	3.352722e+01	5.172597e+02
3.080000e-06	6.209700e-09	2.039392e-09	3.368601e+01	5.186432e+02
3.090000e-06	6.238545e-09	2.045442e-09	3.384249e+01	5.199970e+02
3.100000e-06	6.266987e-09	2.050799e-09	3.399678e+01	5.213203e+02
3.110000e-06	6.295080e-09	2.055578e-09	3.414918e+01	5.226127e+02
3.120000e-06	6.322882e-09	2.060197e-09	3.430000e+01	5.238740e+02
3.130000e-06	6.350399e-09	2.065140e-09	3.444927e+01	5.251042e+02
3.140000e-06	6.377526e-09	2.070307e-09	3.459643e+01	5.263039e+02
3.150000e-06	6.404077e-09	2.075034e-09	3.474046e+01	5.274740e+02
3.160000e-06	6.429887e-09	2.079231e-09	3.488047e+01	5.286158e+02
3.170000e-06	6.454924e-09	2.083686e-09	3.501629e+01	5.297306e+02
3.180000e-06	6.479313e-09	2.088827e-09	3.514859e+01	5.308199e+02
3.190000e-06	6.503241e-09	2.093744e-09	3.527840e+01	5.318854e+02
3.200000e-06	6.526812e-09	2.097532e-09	3.540626e+01	5.329284e+02
3.210000e-06	6.550000e-09	2.100756e-09	3.553205e+01	5.339499e+02
3.220000e-06	6.572736e-09	2.104529e-09	3.565539e+01	5.349508e+02
3.230000e-06	6.595007e-09	2.109182e-09	3.577620e+01	5.359313e+02
3.240000e-06	6.616841e-09	2.113792e-09	3.589465e+01	5.368914e+02
3.250000e-06	6.638242e-09	2.117599e-09	3.601074e+01	5.378305e+02
3.260000e-06	6.659172e-09	2.121025e-09	3.612428e+01	5.387477e+02
3.270000e-06	6.679628e-09	2.124662e-09	3.623525e+01	5.396417e+02
3.280000e-06	6.699686e-09	2.128469e-09	3.634406e+01	5.405112e+02
3.290000e-06	6.719432e-09	2.131650e-09	3.645118e+01	5.413549e+02
3.300000e-06	6.738865e-09	2.133719e-09	3.655659e+01	5.421715e+02
3.310000e-06	6.757881e-09	2.135474e-09	3.665975e+01	5.429602e+02
3.320000e-06	6.776360e-09	2.138184e-09	3.676000e+01	5.437203e+02
3.330000e-06	6.794262e-09	2.141985e-09	3.685711e+01	5.444519e+02
3.340000e-06	6.811646e-09	2.145592e-09	3.695141e+01	5.451554e+02
3.350000e-06	6.828608e-09	2.148352e-09	3.704343e+01	5.458319e+02
3.360000e-06	6.845186e-09	2.150970e-09	3.713336e+01	5.464828e+02
3.370000e-06	6.861305e-09	2.153760e-09	3.722080e+01	5.471099e+02
3.380000e-06	6.876837e-09	2.156246e-09	3.730506e+01	5.477154e+02
3.390000e-06	6.891710e-09	2.158182e-09	3.738574e+01	5.483014e+02
3.400000e-06	6.905967e-09	2.159668e-09	3.746308e+01	5.488700e+02
3.410000e-06	6.919697e-09	2.161036e-09	3.753756e+01	5.494231e+02
3.420000e-06	6.932921e-09	2.163330e-09	3.760930e+01	5.499622e+02
3.430000e-06	6.945618e-09	2.166507e-09	3.767818e+01	5.504884e+02
3.440000e-06	6.957809e-09	2.169173e-09	3.774431e+01	5.510022e+02
3.450000e-06	6.969532e-09	2.170770e-09	3.780790e+01	5.515038e+02
3.460000e-06	6.980749e-09	2.171782e-09	3.786875e+01	5.519927e+02
3.470000e-06	6.991322e-09	2.173053e-09	3.792611e+01	5.524681e+02
3.480000e-06	7.001106e-09	2.174675e-09	3.797918e+01	5.529288e+02
3.490000e-06	7.010092e-09	2.176320e-09	3.802793e+01	5.533736e+02
3.500000e-06	7.018440e-09	2.177768e-09	3.807322e+01	5.538009e+02
3.510000e-06	7.026356e-09	2.179204e-09	3.811616e+01	5.542096e+02
3.520000e-06	7.033937e-09	2.180996e-09	3.815729e+01	5.545986e+02
3.530000e-06	7.041130e-09	2.182720e-09	3.819631e+01	5.549671e+02
3.540000e-06	7.047836e-09	2.183839e-09	3.823268e+01	5.553146e+02
3.550000e-06	7.054025e-09	2.184293e-09	3.826626e+01	5.556410e+02
3.560000e-06	7.059710e-09	2.184548e-09	3.829710e+01	5.559464e+02
3.570000e-06	7.064885e-09	2.185586e-09	3.832517e+01	5.562315e+02
3.580000e-06	7.069539e-09	2.187461e-09	3.835042e+01	5.564968e+02
3.590000e-06	7.073737e-09	2.189037e-09	3.837319e+01	5.567431e+02
3.600000e-06	7.077589e-09	2.189722e-09	3.839409e+01	5.569712e+02
3.610000e-06	7.081124e-09	2.189938e-09	3.841326e+01	5.571819e+02
3.620000e-06	7.084232e-09	2.190184e-09	3.843012e+01	5.573758e+02
3.630000e-06	7.086718e-09	2.190349e-09	3.844361e+01	5.575532e+02
3.640000e-06	7.088436e-09	2.190227e-09	3.845293e+01	5.577145e+02
3.650000e-06	7.089390e-09	2.190049e-09	3.845810e+01	5.578596e+02
3.660000e-06	7.089726e-09	2.190563e-09	3.845993e+01	5.579887e+02
3.670000e-06	7.089628e-09	2.191715e-09	3.845939e+01	5.581016e+02
3.680000e-06	7.089181e-09	2.192653e-09	3.845697e+01	5.581981e+02
3.690000e-06	7.088333e-09	2.192894e-09	3.845237e+01	5.582782e+02
3.700000e-06	7.086996e-09	2.192603e-09	3.844512e+01	5.583420e+02
3.710000e-06	7.085172e-09	2.192347e-09	3.843522e+01	5.583895e+02
3.720000e-06	7.082914e-09	2.192387e-09	3.842297e+01	5.584210e+02
3.730000e-06	7.080223e-09	2.192339e-09	3.840837e+01	5.584369e+02
3.740000e-06	7.077065e-09	2.191366e-09	3.839124e+01	5.584374e+02
3.750000e-06	7.073423e-09	2.191314e-09	3.837149e+01	5.584230e+02
3.760000e-06	7.069218e-09	2.195923e-09	3.834868e+01	5.583937e+02
3.770000e-06	7.064233e-09	2.199168e-09	3.832164e+01	5.583495e+02
3.780000e-06	7.058398e-09	2.193811e-09	3.828998e+01	5.582902e+02
3.790000e-06	7.052095e-09	2.189278e-09	3.825579e+01	5.582149e+02
3.800000e-06	7.045668e-09	2.188653e-09	3.822092e+01	5.581229e+02
3.810000e-06	7.038891e-09	2.191435e-09	3.818416e+01	5.580127e+02
3.820000e-06	7.031423e-09	2.192047e-09	3.814365e+01	5.578831e+02
3.830000e-06	7.023359e-09	2.187321e-09	3.809990e+01	5.577326e+02
3.840000e-06	7.014965e-09	2.185618e-09	3.805437e+01	5.575598e+02
3.850000e-06	7.006192e-09	2.187937e-09	3.800678e+01	5.573638e+02
3.860000e-06	6.996820e-09	2.189597e-09	3.795594e+01	5.571441e+02
3.870000e-06	6.986880e-09	2.187059e-09	3.790202e+01	5.569008e+02
3.880000e-06	6.976571e-09	2.185100e-09	3.784609e+01	5.566351e+02
3.890000e-06	6.965858e-09	2.185539e-09	3.778798e+01	5.563490e+02
3.900000e-06	6.954559e-09	2.185846e-09	3.772668e+01	5.560453e+02
3.910000e-06	6.942686e-09	2.183164e-09	3.766227e+01	5.557279e+02
3.920000e-06	6.930283e-09	2.179254e-09	3.759499e+01	5.554013e+02
3.930000e-06	6.917170e-09	2.177818e-09	3.752386e+01	5.550706e+02
3.940000e-06	6.903208e-09	2.179035e-09	3.744812e+01	5.547409e+02
3.950000e-06	6.888540e-09	2.179448e-09	3.736855e+01	5.544173e+02
3.960000e-06	6.873317e-09	2.175095e-09	3.728596e+01	5.541045e+02
3.970000e-06	6.857554e-09	2.172038e-09	3.720046e+01	5.538062e+02
3.980000e-06	6.841354e-09	2.175033e-09	3.711257e+01	5.535250e+02
3.990000e-06	6.824814e-09	2.175576e-09	3.702285e+01	5.532619e+02
4.000000e-06	6.807833e-09	2.173897e-09	3.693073e+01	5.530165e+02
4.010000e-06	6.790305e-09	2.177877e-09	3.683565e+01	5.527865e+02
4.020000e-06	6.772297e-09	2.180733e-09	3.673796e+01	5.525680e+02
4.030000e-06	6.753863e-09	2.174737e-09	3.663796e+01	5.523558e+02
4.040000e-06	6.734956e-09	2.168975e-09	3.653539e+01	5.521431e+02
4.050000e-06	6.715577e-09	2.171771e-09	3.643027e+01	5.519225e+02
4.060000e-06	6.695795e-09	2.171811e-09	3.632295e+01	5.516860e+02
4.070000e-06	6.675656e-09	2.166795e-09	3.621371e+01	5.514258e+02
4.080000e-06	6.655165e-09	2.170482e-09	3.610255e+01	5.511342e+02
4.090000e-06	6.634246e-09	2.175933e-09	3.598907e+01	5.508047e+02
4.100000e-06	6.612705e-09	2.169110e-09	3.587221e+01	5.504317e+02
4.110000e-06	6.590385e-09	2.164972e-09	3.575114e+01	5.500116e+02
4.120000e-06	6.567324e-09	2.170012e-09	3.562603e+01	5.495419e+02
4.130000e-06	6.543682e-09	2.165934e-09	3.549778e+01	5.490221e+02
4.140000e-06	6.519631e-09	2.157585e-09	3.536731e+01	5.484535e+02
4.150000e-06	6.495272e-09	2.159491e-09	3.523517e+01	5.478384e+02
4.160000e-06	6.470548e-09	2.158880e-09	3.510105e+01	5.471806e+02
4.170000e-06	6.445351e-09	2.149820e-09	3.496436e+01	5.464847e+02
4.180000e-06	6.419683e-09	2.147243e-09	3.482512e+01	5.457557e+02
4.190000e-06	6.393584e-09	2.147425e-09	3.468354e+01	5.449985e+02
4.200000e-06	6.367015e-09	2.141841e-09	3.453941e+01	5.442180e+02
4.210000e-06	6.339936e-09	2.138546e-09	3.439251e+01	5.434182e+02
4.220000e-06	6.312384e-09	2.137085e-09	3.424305e+01	5.426023e+02
4.230000e-06	6.284458e-09	2.132477e-09	3.409156e+01	5.417726e+02
4.240000e-06	6.256251e-09	2.129450e-09	3.393854e+01	5.409301e+02
4.250000e-06	6.227753e-09	2.125573e-09	3.378395e+01	5.400751e+02
4.260000e-06	6.198845e-09	2.120215e-09	3.362713e+01	5.392067e+02
4.270000e-06	6.169367e-09	2.118912e-09	3.346722e+01	5.383234e+02
4.280000e-06	6.139205e-09	2.115857e-09	3.330360e+01	5.374232e+02
4.290000e-06	6.108338e-09	2.109637e-09	3.313616e+01	5.365039e+02
4.300000e-06	6.076859e-09	2.108838e-09	3.296539e+01	5.355634e+02
4.310000e-06	6.044931e-09	2.105940e-09	3.279219e+01	5.345997e+02
4.320000e-06	6.012669e-09	2.097275e-09	3.261718e+01	5.336115e+02
4.330000e-06	5.980075e-09	2.094732e-09	3.244036e+01	5.325979e+02
4.340000e-06	5.947088e-09	2.093149e-09	3.226142e+01	5.315587e+02
4.350000e-06	5.913661e-09	2.085164e-09	3.208008e+01	5.304944e+02
4.360000e-06	5.879803e-09	2.081894e-09	3.189642e+01	5.294061e+02
4.370000e-06	5.845561e-09	2.081110e-09	3.171066e+01	5.282950e+02
4.380000e-06	5.810949e-09	2.073438e-09	3.152290e+01	5.271631e+02
4.390000e-06	5.775944e-09	2.067761e-09	3.133301e+01	5.260121e+02
4.400000e-06	5.740535e-09	2.065765e-09	3.114092e+01	5.248438e+02
4.410000e-06	5.704760e-09	2.059234e-09	3.094685e+01	5.236595e+02
4.420000e-06	5.668695e-09	2.053406e-09	3.075121e+01	5.224605e+02
4.430000e-06	5.632378e-09	2.051111e-09	3.055420e+01	5.212473e+02
4.440000e-06	5.595751e-09	2.045698e-09	3.035551e+01	5.200200e+02
4.450000e-06	5.558688e-09	2.039584e-09	3.015444e+01	5.187781e+02
4.460000e-06	5.521029e-09	2.035322e-09	2.995016e+01	5.175208e+02
4.470000e-06	5.482675e-09	2.029855e-09	2.974210e+01	5.162467e+02
4.480000e-06	5.443664e-09	2.024572e-09	2.953047e+01	5.149544e+02
4.490000e-06	5.404138e-09	2.020273e-09	2.931606e+01	5.136422e+02
4.500000e-06	5.364243e-09	2.014467e-09	2.909963e+01	5.123085e+02
4.510000e-06	5.324065e-09	2.008635e-09	2.888168e+01	5.109517e+02
4.520000e-06	5.283627e-09	2.003524e-09	2.866231e+01	5.095705e+02
4.530000e-06	5.242903e-09	1.997524e-09	2.844140e+01	5.081639e+02
4.540000e-06	5.201854e-09	1.991445e-09	2.821872e+01	5.067310e+02
4.550000e-06	5.160454e-09	1.985953e-09	2.799413e+01	5.052716e+02
4.560000e-06	5.118693e-09	1.980136e-09	2.776759e+01	5.037852e+02
4.570000e-06	5.076577e-09	1.974478e-09	2.753912e+01	5.022719e+02
4.580000e-06	5.034122e-09	1.968726e-09	2.730881e+01	5.007317e+02
4.590000e-06	4.991308e-09	1.962103e-09	2.707656e+01	4.991647e+02
4.600000e-06	4.948101e-09	1.955123e-09	2.684218e+01	4.975709e+02
4.610000e-06	4.904518e-09	1.948350e-09	2.660575e+01	4.959503e+02
4.620000e-06	4.860632e-09	1.941834e-09	2.636768e+01	4.943027e+02
4.630000e-06	4.816516e-09	1.935357e-09	2.612835e+01	4.926278e+02
4.640000e-06	4.772187e-09	1.928686e-09	2.588788e+01	4.909250e+02
4.650000e-06	4.727606e-09	1.922040e-09	2.564604e+01	4.891939e+02
4.660000e-06	4.682715e-09	1.915483e-09	2.540252e+01	4.874338e+02
4.670000e-06	4.637489e-09	1.908617e-09	2.515718e+01	4.856443e+02
4.680000e-06	4.591929e-09	1.901416e-09	2.491003e+01	4.838250e+02
4.690000e-06	4.546035e-09	1.893778e-09	2.466107e+01	4.819755e+02
4.700000e-06	4.499794e-09	1.886013e-09	2.441023e+01	4.800960e+02
4.710000e-06	4.453210e-09	1.878869e-09	2.415752e+01	4.781868e+02
4.720000e-06	4.406319e-09	1.872301e-09	2.390315e+01	4.762482e+02
4.730000e-06	4.359166e-09	1.864976e-09	2.364735e+01	4.742811e+02
4.740000e-06	4.311741e-09	1.856519e-09	2.339008e+01	4.722863e+02
4.750000e-06	4.263989e-09	1.847538e-09	2.313104e+01	4.702649e+02
4.760000e-06	4.215869e-09	1.838697e-09	2.287000e+01	4.682180e+02
4.770000e-06	4.167351e-09	1.830645e-09	2.260681e+01	4.661463e+02
4.780000e-06	4.118436e-09	1.823104e-09	2.234146e+01	4.640506e+02
4.790000e-06	4.069148e-09	1.815043e-09	2.207408e+01	4.619314e+02
4.800000e-06	4.019511e-09	1.806365e-09	2.180481e+01	4.597886e+02
4.810000e-06	3.969555e-09	1.797577e-09	2.153382e+01	4.576221e+02
4.820000e-06	3.919313e-09	1.788672e-09	2.126127e+01	4.554310e+02
4.830000e-06	3.868795e-09	1.779738e-09	2.098722e+01	4.532143e+02
4.840000e-06	3.817983e-09	1.770776e-09	2.071158e+01	4.509706e+02
4.850000e-06	3.766856e-09	1.761235e-09	2.043423e+01	4.486981e+02
4.860000e-06	3.715409e-09	1.751629e-09	2.015514e+01	4.463951e+02
4.870000e-06	3.663670e-09	1.742368e-09	1.987447e+01	4.440596e+02
4.880000e-06	3.611668e-09	1.732695e-09	1.959237e+01	4.416898e+02
4.890000e-06	3.559423e-09	1.722624e-09	1.930896e+01	4.392840e+02
4.900000e-06	3.506934e-09	1.712942e-09	1.902422e+01	4.368408e+02
4.910000e-06	3.454176e-09	1.703379e-09	1.873802e+01	4.343590e+02
4.920000e-06	3.401118e-09	1.693427e-09	1.845020e+01	4.318380e+02
4.930000e-06	3.347729e-09	1.683421e-09	1.816058e+01	4.292772e+02
4.940000e-06	3.293981e-09	1.673203e-09	1.786901e+01	4.266765e+02
4.950000e-06	3.239851e-09	1.662388e-09	1.757537e+01	4.240361e+02
4.960000e-06	3.185343e-09	1.651379e-09	1.727968e+01	4.213565e+02
4.970000e-06	3.130473e-09	1.640800e-09	1.698202e+01	4.186380e+02
4.980000e-06	3.075272e-09	1.630059e-09	1.668257e+01	4.158811e+02
4.990000e-06	3.019782e-09	1.618692e-09	1.638155e+01	4.130863e+02
5.000000e-06	2.964039e-09	1.607394e-09	1.607917e+01	4.102536e+02
5.010000e-06	2.908094e-09	1.596349e-09	1.577568e+01	4.073831e+02
5.020000e-06	2.851992e-09	1.585143e-09	1.547134e+01	4.044741e+02
5.030000e-06	2.795759e-09	1.573620e-09	1.516629e+01	4.015259e+02
5.040000e-06	2.739402e-09	1.561380e-09	1.486056e+01	3.985371e+02
5.050000e-06	2.682921e-09	1.548470e-09	1.455417e+01	3.955062e+02
5.060000e-06	2.626314e-09	1.535747e-09	1.424709e+01	3.924310e+02
5.070000e-06	2.569558e-09	1.523602e-09	1.393920e+01	3.893092e+02
5.080000e-06	2.512641e-09	1.511503e-09	1.363044e+01	3.861382e+02
5.090000e-06	2.455557e-09	1.499057e-09	1.332078e+01	3.829152e+02
5.100000e-06	2.398296e-09	1.486439e-09	1.301015e+01	3.796373e+02
5.110000e-06	2.340857e-09	1.473539e-09	1.269856e+01	3.763018e+02
5.120000e-06	2.283243e-09	1.459983e-09	1.238602e+01	3.729058e+02
5.130000e-06	2.225453e-09	1.445953e-09	1.207252e+01	3.694468e+02
5.140000e-06	2.167487e-09	1.432025e-09	1.175808e+01	3.659222e+02
5.150000e-06	2.109352e-09	1.418211e-09	1.144270e+01	3.623299e+02
5.160000e-06	2.051053e-09	1.403923e-09	1.112645e+01	3.586678e+02
5.170000e-06	1.992601e-09	1.389135e-09	1.080936e+01	3.549341e+02
5.180000e-06	1.934016e-09	1.373979e-09	1.049155e+01	3.511271e+02
5.190000e-06	1.875306e-09	1.358185e-09	1.017307e+01	3.472454e+02
5.200000e-06	1.816471e-09	1.341893e-09	9.853902e+00	3.432875e+02
5.210000e-06	1.757510e-09	1.325617e-09	9.534056e+00	3.392520e+02
5.220000e-06	1.698429e-09	1.309906e-09	9.213553e+00	3.351373e+02
5.230000e-06	1.639228e-09	1.294547e-09	8.892408e+00	3.309420e+02
5.240000e-06	1.579907e-09	1.278183e-09	8.570604e+00	3.266643e+02
5.250000e-06	1.520467e-09	1.260336e-09	8.248159e+00	3.223022e+02
5.260000e-06	1.460919e-09	1.242038e-09	7.925126e+00	3.178538e+02
5.270000e-06	1.401267e-09	1.223692e-09	7.601528e+00	3.133166e+02
5.280000e-06	1.341518e-09	1.204992e-09	7.277408e+00	3.086882e+02
5.290000e-06	1.281686e-09	1.186188e-09	6.952831e+00	3.039656e+02
5.300000e-06	1.221780e-09	1.167686e-09	6.627858e+00	2.991459e+02
5.310000e-06	1.161813e-09	1.149197e-09	6.302548e+00	2.942260e+02
5.320000e-06	1.101793e-09	1.130338e-09	5.976959e+00	2.892024e+02
5.330000e-06	1.041733e-09	1.110814e-09	5.651145e+00	2.840717e+02
5.340000e-06	9.816336e-10	1.090178e-09	5.325122e+00	2.788304e+02
5.350000e-06	9.214986e-10	1.068588e-09	4.998904e+00	2.734746e+02
5.360000e-06	8.613304e-10	1.046873e-09	4.672506e+00	2.680005e+02
5.370000e-06	8.011284e-10	1.024905e-09	4.345925e+00	2.624042e+02
5.380000e-06	7.408930e-10	1.002330e-09	4.019162e+00	2.566816e+02
5.390000e-06	6.806271e-10	9.797625e-10	3.692235e+00	2.508287e+02
5.400000e-06	6.203295e-10	9.570967e-10	3.365135e+00	2.448412e+02
5.410000e-06	5.600015e-10	9.334334e-10	3.037870e+00	2.387149e+02
5.420000e-06	4.996472e-10	9.090178e-10	2.710463e+00	2.324455e+02
5.430000e-06	4.392693e-10	8.839515e-10	2.382928e+00	2.260289e+02
5.440000e-06	3.788706e-10	8.576584e-10	2.055281e+00	2.194612e+02
5.450000e-06	3.184573e-10	8.306651e-10	1.727554e+00	2.127385e+02
5.460000e-06	2.580376e-10	8.037037e-10	1.399792e+00	2.058576e+02
5.470000e-06	1.976167e-10	7.765873e-10	1.072023e+00	1.988160e+02
5.480000e-06	1.371985e-10	7.486430e-10	7.442699e-01	1.916115e+02
5.490000e-06	7.678492e-11	7.197031e-10	4.165412e-01	1.842434e+02
5.500000e-06	1.637182e-11	6.898256e-10	8.881525e-02	1.767119e+02
5.510000e-06	-4.404222e-11	6.593987e-10	-2.389158e-01	1.690183e+02
5.520000e-06	-1.044585e-10	6.288311e-10	-5.666591e-01	1.611655e+02
5.530000e-06	-1.648794e-10	5.977145e-10	-8.944272e-01	1.531579e+02
5.540000e-06	-2.252973e-10	5.658005e-10	-1.222179e+00	1.450013e+02
5.550000e-06	-2.857076e-10	5.333621e-10	-1.549890e+00	1.367029e+02
5.560000e-06	-3.461062e-10	5.003888e-10	-1.877537e+00	1.282712e+02
5.570000e-06	-4.064876e-10	4.667120e-10	-2.205092e+00	1.197160e+02
5.580000e-06	-4.668497e-10	4.323657e-10	-2.532541e+00	1.110479e+02
5.590000e-06	-5.271857e-10	3.976798e-10	-2.859849e+00	1.022781e+02
5.600000e-06	-5.874900e-10	3.630862e-10	-3.186985e+00	9.341822e+01
5.610000e-06	-6.477608e-10	3.286983e-10	-3.513940e+00	8.447981e+01
5.620000e-06	-7.079979e-10	2.943111e-10	-3.840711e+00	7.547403e+01
5.630000e-06	-7.681998e-10	2.595205e-10	-4.167292e+00	6.641139e+01
5.640000e-06	-8.283657e-10	2.241019e-10	-4.493677e+00	5.730149e+01
5.650000e-06	-8.884973e-10	1.881176e-10	-4.819876e+00	4.815278e+01
5.660000e-06	-9.485940e-10	1.518515e-10	-5.145886e+00	3.897245e+01
5.670000e-06	-1.008655e-09	1.157233e-10	-5.471702e+00	2.976641e+01
5.680000e-06	-1.068675e-09	7.959992e-11	-5.797295e+00	2.053930e+01
5.690000e-06	-1.128645e-09	4.335222e-11	-6.122616e+00	1.129465e+01
5.700000e-06	-1.188559e-09	7.253520e-12	-6.447635e+00	2.035061e+00
5.710000e-06	-1.248406e-09	-2.882661e-11	-6.772293e+00	-7.237520e+00
5.720000e-06	-1.308173e-09	-6.515693e-11	-7.096513e+00	-1.652150e+01
5.730000e-06	-1.367849e-09	-1.014310e-10	-7.420242e+00	-2.581529e+01
5.740000e-06	-1.427423e-09	-1.375647e-10	-7.743416e+00	-3.511704e+01
5.750000e-06	-1.486886e-09	-1.739264e-10	-8.065987e+00	-4.442432e+01
5.760000e-06	-1.546231e-09	-2.104573e-10	-8.387918e+00	-5.373386e+01
5.770000e-06	-1.605450e-09	-2.468715e-10	-8.709162e+00	-6.304142e+01
5.780000e-06	-1.664543e-09	-2.832500e-10	-9.029730e+00	-7.234169e+01
5.790000e-06	-1.723517e-09	-3.195223e-10	-9.349648e+00	-8.162827e+01
5.800000e-06	-1.782375e-09	-3.555339e-10	-9.668934e+00	-9.089376e+01
5.810000e-06	-1.841111e-09	-3.913868e-10	-9.987561e+00	-1.001299e+02
5.820000e-06	-1.899718e-09	-4.271048e-10	-1.030549e+01	-1.093278e+02
5.830000e-06	-1.958194e-09	-4.628494e-10	-1.062271e+01	-1.184781e+02
5.840000e-06	-2.016525e-09	-4.984923e-10	-1.093914e+01	-1.275715e+02
5.850000e-06	-2.074709e-09	-5.335765e-10	-1.125477e+01	-1.365989e+02
5.860000e-06	-2.132739e-09	-5.682358e-10	-1.156957e+01	-1.455513e+02
5.870000e-06	-2.190596e-09	-6.030994e-10	-1.188343e+01	-1.544208e+02
5.880000e-06	-2.248270e-09	-6.378596e-10	-1.219630e+01	-1.632001e+02
5.890000e-06	-2.305761e-09	-6.717633e-10	-1.250817e+01	-1.718830e+02
5.900000e-06	-2.363058e-09	-7.050985e-10	-1.281899e+01	-1.804641e+02
5.910000e-06	-2.420162e-09	-7.383123e-10	-1.312876e+01	-1.889392e+02
5.920000e-06	-2.477082e-09	-7.713685e-10	-1.343754e+01	-1.973048e+02
5.930000e-06	-2.533837e-09	-8.043647e-10	-1.374542e+01	-2.055582e+02
5.940000e-06	-2.590448e-09	-8.370026e-10	-1.405252e+01	-2.136975e+02
5.950000e-06	-2.646928e-09	-8.686519e-10	-1.435891e+01	-2.217209e+02
5.960000e-06	-2.703283e-09	-8.995394e-10	-1.466462e+01	-2.296271e+02
5.970000e-06	-2.759522e-09	-9.303291e-10	-1.496970e+01	-2.374147e+02
5.980000e-06	-2.815643e-09	-9.607821e-10	-1.527415e+01	-2.450825e+02
5.990000e-06	-2.871629e-09	-9.902620e-10	-1.557786e+01	-2.526288e+02
6.000000e-06	-2.927445e-09	-1.018979e-09	-1.588064e+01	-2.600522e+02
6.010000e-06	-2.983042e-09	-1.047469e-09	-1.618225e+01	-2.673508e+02
6.020000e-06	-3.038368e-09	-1.075935e-09	-1.648238e+01	-2.745226e+02
6.030000e-06	-3.093374e-09	-1.104211e-09	-1.678077e+01	-2.815657e+02
6.040000e-06	-3.148022e-09	-1.131896e-09	-1.707722e+01	-2.884781e+02
6.050000e-06	-3.202290e-09	-1.158670e-09	-1.737160e+01	-2.952579e+02
6.060000e-06	-3.256165e-09	-1.184848e-09	-1.766386e+01	-3.019037e+02
6.070000e-06	-3.309663e-09	-1.211050e-09	-1.795407e+01	-3.084140e+02
6.080000e-06	-3.362824e-09	-1.236793e-09	-1.824246e+01	-3.147879e+02
6.090000e-06	-3.415680e-09	-1.261100e-09	-1.852919e+01	-3.210248e+02
6.100000e-06	-3.468266e-09	-1.284170e-09	-1.881445e+01	-3.271244e+02
6.110000e-06	-3.520609e-09	-1.307108e-09	-1.909840e+01	-3.330869e+02
6.120000e-06	-3.572715e-09	-1.330083e-09	-1.938106e+01	-3.389125e+02
6.130000e-06	-3.624579e-09	-1.352499e-09	-1.966241e+01	-3.446019e+02
6.140000e-06	-3.676175e-09	-1.374235e-09	-1.994230e+01	-3.501555e+02
6.150000e-06	-3.727479e-09	-1.395476e-09	-2.022061e+01	-3.555740e+02
6.160000e-06	-3.778482e-09	-1.416514e-09	-2.049729e+01	-3.608579e+02
6.170000e-06	-3.829182e-09	-1.437277e-09	-2.077233e+01	-3.660076e+02
6.180000e-06	-3.879586e-09	-1.457232e-09	-2.104575e+01	-3.710234e+02
6.190000e-06	-3.929682e-09	-1.476021e-09	-2.131751e+01	-3.759056e+02
6.200000e-06	-3.979440e-09	-1.494261e-09	-2.158744e+01	-3.806541e+02
6.210000e-06	-4.028814e-09	-1.512732e-09	-2.185528e+01	-3.852693e+02
6.220000e-06	-4.077762e-09	-1.530959e-09	-2.212080e+01	-3.897514e+02
6.230000e-06	-4.126263e-09	-1.548180e-09	-2.238391e+01	-3.941008e+02
6.240000e-06	-4.174322e-09	-1.564460e-09	-2.264461e+01	-3.983186e+02
6.250000e-06	-4.221974e-09	-1.579936e-09	-2.290312e+01	-4.024060e+02
6.260000e-06	-4.269275e-09	-1.595222e-09	-2.315971e+01	-4.063648e+02
6.270000e-06	-4.316287e-09	-1.610774e-09	-2.341474e+01	-4.101976e+02
6.280000e-06	-4.363059e-09	-1.625829e-09	-2.366846e+01	-4.139076e+02
6.290000e-06	-4.409608e-09	-1.640071e-09	-2.392098e+01	-4.174984e+02
6.300000e-06	-4.455933e-09	-1.654011e-09	-2.417228e+01	-4.209743e+02
6.310000e-06	-4.502006e-09	-1.667871e-09	-2.442222e+01	-4.243404e+02
6.320000e-06	-4.547783e-09	-1.681099e-09	-2.467055e+01	-4.276017e+02
6.330000e-06	-4.593221e-09	-1.693093e-09	-2.491703e+01	-4.307640e+02
6.340000e-06	-4.638307e-09	-1.704040e-09	-2.516161e+01	-4.338328e+02
6.350000e-06	-4.683070e-09	-1.715213e-09	-2.540444e+01	-4.368140e+02
6.360000e-06	-4.727568e-09	-1.727399e-09	-2.564584e+01	-4.397132e+02
6.370000e-06	-4.771860e-09	-1.739606e-09	-2.588611e+01	-4.425359e+02
6.380000e-06	-4.815963e-09	-1.750838e-09	-2.612535e+01	-4.452873e+02
6.390000e-06	-4.859835e-09	-1.761535e-09	-2.636335e+01	-4.479722e+02
6.400000e-06	-4.903412e-09	-1.771906e-09	-2.659975e+01	-4.505950e+02
6.410000e-06	-4.946639e-09	-1.781498e-09	-2.683424e+01	-4.531597e+02
6.420000e-06	-4.989490e-09	-1.790540e-09	-2.706669e+01	-4.556699e+02
6.430000e-06	-5.031988e-09	-1.799668e-09	-2.729724e+01	-4.581287e+02
6.440000e-06	-5.074157e-09	-1.809220e-09	-2.752599e+01	-4.605388e+02
6.450000e-06	-5.115985e-09	-1.819211e-09	-2.775290e+01	-4.629027e+02
6.460000e-06	-5.157443e-09	-1.829198e-09	-2.797779e+01	-4.652224e+02
6.470000e-06	-5.198514e-09	-1.838700e-09	-2.820059e+01	-4.674996e+02
6.480000e-06	-5.239231e-09	-1.847472e-09	-2.842148e+01	-4.697359e+02
6.490000e-06	-5.279664e-09	-1.855307e-09	-2.864081e+01	-4.719324e+02
6.500000e-06	-5.319863e-09	-1.862728e-09	-2.885888e+01	-4.740903e+02
6.510000e-06	-5.359821e-09	-1.870361e-09	-2.907564e+01	-4.762103e+02
6.520000e-06	-5.399457e-09	-1.878293e-09	-2.929066e+01	-4.782931e+02
6.530000e-06	-5.438644e-09	-1.886476e-09	-2.950324e+01	-4.803393e+02
6.540000e-06	-5.477261e-09	-1.895013e-09	-2.971273e+01	-4.823494e+02
6.550000e-06	-5.515230e-09	-1.903746e-09	-2.991870e+01	-4.843238e+02
6.560000e-06	-5.552563e-09	-1.911799e-09	-3.012122e+01	-4.862629e+02
6.570000e-06	-5.589379e-09	-1.918676e-09	-3.032094e+01	-4.881671e+02
6.580000e-06	-5.625830e-09	-1.924987e-09	-3.051867e+01	-4.900369e+02
6.590000e-06	-5.662008e-09	-1.931590e-09	-3.071493e+01	-4.918730e+02
6.600000e-06	-5.697917e-09	-1.938951e-09	-3.090972e+01	-4.936760e+02
6.610000e-06	-5.733487e-09	-1.946749e-09	-3.110269e+01	-4.954468e+02
6.620000e-06	-5.768656e-09	-1.953953e-09	-3.129347e+01	-4.971863e+02
6.630000e-06	-5.803399e-09	-1.960298e-09	-3.148194e+01	-4.988956e+02
6.640000e-06	-5.837726e-09	-1.966527e-09	-3.166815e+01	-5.005756e+02
6.650000e-06	-5.871645e-09	-1.973059e-09	-3.185216e+01	-5.022275e+02
6.660000e-06	-5.905132e-09	-1.979636e-09	-3.203381e+01	-5.038522e+02
6.670000e-06	-5.938175e-09	-1.985769e-09	-3.221306e+01	-5.054505e+02
6.680000e-06	-5.970824e-09	-1.991622e-09	-3.239017e+01	-5.070230e+02
6.690000e-06	-6.003151e-09	-1.997967e-09	-3.256554e+01	-5.085700e+02
6.700000e-06	-6.035162e-09	-2.004666e-09	-3.273919e+01	-5.100917e+02
6.710000e-06	-6.066769e-09	-2.010668e-09	-3.291065e+01	-5.115878e+02
6.720000e-06	-6.097827e-09	-2.015684e-09	-3.307913e+01	-5.130578e+02
6.730000e-06	-6.128218e-09	-2.020525e-09	-3.324400e+01	-5.145009e+02
6.740000e-06	-6.157915e-09	-2.026057e-09	-3.340510e+01	-5.159164e+02
6.750000e-06	-6.186996e-09	-2.032305e-09	-3.356285e+01	-5.173032e+02
6.760000e-06	-6.215615e-09	-2.038675e-09	-3.371810e+01	-5.186604e+02
6.770000e-06	-6.243917e-09	-2.044463e-09	-3.387164e+01	-5.199872e+02
6.780000e-06	-6.271939e-09	-2.049582e-09	-3.402365e+01	-5.212831e+02
6.790000e-06	-6.299605e-09	-2.054683e-09	-3.417373e+01	-5.225478e+02
6.800000e-06	-6.326821e-09	-2.059467e-09	-3.432137e+01	-5.237815e+02
6.810000e-06	-6.353553e-09	-2.063133e-09	-3.446638e+01	-5.249846e+02
6.820000e-06	-6.379822e-09	-2.066416e-09	-3.460888e+01	-5.261580e+02
6.830000e-06	-6.405619e-09	-2.070459e-09	-3.474883e+01	-5.273029e+02
6.840000e-06	-6.430923e-09	-2.075546e-09	-3.488609e+01	-5.284206e+02
6.850000e-06	-6.455767e-09	-2.081436e-09	-3.502086e+01	-5.295128e+02
6.860000e-06	-6.480249e-09	-2.086782e-09	-3.515368e+01	-5.305808e+02
6.870000e-06	-6.504454e-09	-2.090579e-09	-3.528498e+01	-5.316262e+02
6.880000e-06	-6.528347e-09	-2.093611e-09	-3.541459e+01	-5.326501e+02
6.890000e-06	-6.551781e-09	-2.096890e-09	-3.554172e+01	-5.336532e+02
6.900000e-06	-6.574585e-09	-2.100386e-09	-3.566542e+01	-5.346360e+02
6.910000e-06	-6.596655e-09	-2.103852e-09	-3.578514e+01	-5.355983e+02
6.920000e-06	-6.618008e-09	-2.107598e-09	-3.590098e+01	-5.365397e+02
6.930000e-06	-6.638788e-09	-2.111857e-09	-3.601371e+01	-5.374593e+02
6.940000e-06	-6.659173e-09	-2.116408e-09	-3.612429e+01	-5.383560e+02
6.950000e-06	-6.679244e-09	-2.120597e-09	-3.623317e+01	-5.392283e+02
6.960000e-06	-6.698945e-09	-2.123619e-09	-3.634004e+01	-5.400749e+02
6.970000e-06	-6.718180e-09	-2.125671e-09	-3.644439e+01	-5.408945e+02
6.980000e-06	-6.736933e-09	-2.127882e-09	-3.654612e+01	-5.416863e+02
6.990000e-06	-6.755245e-09	-2.130691e-09	-3.664546e+01	-5.424496e+02
7.000000e-06	-6.773122e-09	-2.133646e-09	-3.674243e+01	-5.431844e+02
7.010000e-06	-6.790518e-09	-2.136676e-09	-3.683680e+01	-5.438910e+02
7.020000e-06	-6.807438e-09	-2.139849e-09	-3.692859e+01	-5.445705e+02
7.030000e-06	-6.823965e-09	-2.142703e-09	-3.701824e+01	-5.452241e+02
7.040000e-06	-6.840171e-09	-2.145219e-09	-3.710616e+01	-5.458538e+02
7.050000e-06	-6.855989e-09	-2.147575e-09	-3.719196e+01	-5.464616e+02
7.060000e-06	-6.871199e-09	-2.149530e-09	-3.727447e+01	-5.470496e+02
7.070000e-06	-6.885601e-09	-2.151415e-09	-3.735260e+01	-5.476200e+02
7.080000e-06	-6.899188e-09	-2.153624e-09	-3.742631e+01	-5.481747e+02
7.090000e-06	-6.912109e-09	-2.155783e-09	-3.749640e+01	-5.487152e+02
7.100000e-06	-6.924514e-09	-2.157613e-09	-3.756369e+01	-5.492427e+02
7.110000e-06	-6.936444e-09	-2.159504e-09	-3.762841e+01	-5.497578e+02
7.120000e-06	-6.947859e-09	-2.161829e-09	-3.769034e+01	-5.502606e+02
7.130000e-06	-6.958750e-09	-2.164264e-09	-3.774941e+01	-5.507509e+02
7.140000e-06	-6.969168e-09	-2.166346e-09	-3.780593e+01	-5.512277e+02
7.150000e-06	-6.979136e-09	-2.168160e-09	-3.786000e+01	-5.516900e+02
7.160000e-06	-6.988611e-09	-2.169846e-09	-3.791141e+01	-5.521364e+02
7.170000e-06	-6.997587e-09	-2.171365e-09	-3.796010e+01	-5.525657e+02
7.180000e-06	-7.006148e-09	-2.172858e-09	-3.800654e+01	-5.529764e+02
7.190000e-06	-7.014385e-09	-2.174371e-09	-3.805122e+01	-5.533676e+02
7.200000e-06	-7.022270e-09	-2.175923e-09	-3.809400e+01	-5.537383e+02
7.210000e-06	-7.029641e-09	-2.177583e-09	-3.813398e+01	-5.540881e+02
7.220000e-06	-7.036308e-09	-2.179448e-09	-3.817015e+01	-5.544168e+02
7.230000e-06	-7.042178e-09	-2.181463e-09	-3.820199e+01	-5.547245e+02
7.240000e-06	-7.047328e-09	-2.182992e-09	-3.822993e+01	-5.550118e+02
7.250000e-06	-7.051947e-09	-2.183427e-09	-3.825499e+01	-5.552792e+02
7.260000e-06	-7.056203e-09	-2.183361e-09	-3.827807e+01	-5.555276e+02
7.270000e-06	-7.060114e-09	-2.183926e-09	-3.829929e+01	-5.557577e+02
7.280000e-06	-7.063581e-09	-2.185396e-09	-3.831810e+01	-5.559703e+02
7.290000e-06	-7.066546e-09	-2.187155e-09	-3.833418e+01	-5.561659e+02
7.300000e-06	-7.069053e-09	-2.188605e-09	-3.834778e+01	-5.563451e+02
7.310000e-06	-7.071138e-09	-2.189657e-09	-3.835909e+01	-5.565080e+02
7.320000e-06	-7.072706e-09	-2.190243e-09	-3.836760e+01	-5.566549e+02
7.330000e-06	-7.073714e-09	-2.190326e-09	-3.837307e+01	-5.567857e+02
7.340000e-06	-7.074309e-09	-2.190241e-09	-3.837630e+01	-5.569002e+02
