# Configuracion:
# Concentracion g/m^3_=_11700.0
# C_Vs_to_Am_M_A/Vsm_=_254322799225.57578
# pendiente_HvsI_1/m_=_3716.3
# ordenada_HvsI_A/m_=_1297.0
# frecuencia_ref_Hz_=_136211.067254542
# 
Resultados:
# tau_s_=_(1.69+/-0.21)e-07
# dphi_rad_=_6.43+/-0.02
# SAR_W/g_=_159.84+/-35.11
# Hc_kA/m_=_6.43+/-0.79
# Mr_A/m_=_174.89+/-46.15
# Suceptibilidad_a_M=0_=_0.0286+/-0.0056

Nombre_archivo	Time_m	Temperatura_(ºC)	Mr_(A/m)	Hc_(kA/m)	Campo_max_(A/m)	Mag_max_(A/m)	f0	mag0	dphi0	SAR_(W/g)	Tau_(s)	N	xi_M_0
135kHz_100dA_100Mss_NE5Xd008.txt	19/06/2024 16:50:26	-47.4	102.51	6.08	38460.00	440.49	1.362089e+05	3.545357e+00	6.418881e+00	114.38	1.595378e-07	4405	1.782e-02
135kHz_100dA_100Mss_NE5Xd009.txt	19/06/2024 16:50:26	-47.4	104.44	6.03	38460.00	451.16	1.362089e+05	3.633146e+00	6.416831e+00	115.46	1.570974e-07	4405	1.826e-02
135kHz_100dA_100Mss_NE5Xd010.txt	19/06/2024 16:50:27	-45.7	104.29	6.02	38460.00	445.14	1.362089e+05	3.590935e+00	6.417386e+00	114.59	1.577589e-07	4405	1.818e-02
135kHz_100dA_100Mss_NE5Xd011.txt	19/06/2024 16:50:27	-45.7	104.01	6.04	38460.00	442.63	1.362089e+05	3.574839e+00	6.418240e+00	114.79	1.587768e-07	4405	1.820e-02
135kHz_100dA_100Mss_NE5Xd012.txt	19/06/2024 16:50:28	-43.1	103.71	6.05	38460.00	438.77	1.362089e+05	3.545897e+00	6.418679e+00	114.23	1.592953e-07	4405	1.803e-02
135kHz_100dA_100Mss_NE5Xd013.txt	19/06/2024 16:50:28	-43.1	101.38	5.89	38460.00	441.60	1.362089e+05	3.562326e+00	6.413437e+00	110.35	1.530604e-07	4405	1.815e-02
135kHz_100dA_100Mss_NE5Xd014.txt	19/06/2024 16:50:29	-40.0	102.03	5.95	38460.00	439.21	1.362089e+05	3.548553e+00	6.416071e+00	112.13	1.561918e-07	4405	1.807e-02
135kHz_100dA_100Mss_NE5Xd015.txt	19/06/2024 16:50:29	-40.0	101.86	5.94	38460.00	434.62	1.362089e+05	3.515091e+00	6.416367e+00	111.32	1.565449e-07	4405	1.806e-02
135kHz_100dA_100Mss_NE5Xd016.txt	19/06/2024 16:50:30	-37.2	100.73	5.84	38460.00	439.89	1.362089e+05	3.552340e+00	6.413702e+00	110.26	1.533787e-07	4405	1.811e-02
135kHz_100dA_100Mss_NE5Xd017.txt	19/06/2024 16:50:30	-37.2	100.92	5.82	38460.00	440.40	1.362089e+05	3.558020e+00	6.412820e+00	109.69	1.523307e-07	4405	1.820e-02
135kHz_100dA_100Mss_NE5Xd018.txt	19/06/2024 16:50:31	-34.0	99.68	5.80	38460.00	436.18	1.362089e+05	3.523513e+00	6.411726e+00	107.72	1.510310e-07	4405	1.811e-02
135kHz_100dA_100Mss_NE5Xd019.txt	19/06/2024 16:50:32	-34.0	99.77	5.75	38460.00	437.72	1.362089e+05	3.537501e+00	6.411806e+00	108.21	1.511242e-07	4405	1.817e-02
135kHz_100dA_100Mss_NE5Xd020.txt	19/06/2024 16:50:32	-34.0	98.47	5.72	38460.00	431.62	1.362089e+05	3.492554e+00	6.410318e+00	105.61	1.493593e-07	4405	1.808e-02
135kHz_100dA_100Mss_NE5Xd021.txt	19/06/2024 16:50:33	-31.9	98.52	5.68	38460.00	438.70	1.362089e+05	3.549710e+00	6.409597e+00	106.73	1.485029e-07	4405	1.831e-02
135kHz_100dA_100Mss_NE5Xd022.txt	19/06/2024 16:50:33	-31.9	98.66	5.69	38460.00	435.88	1.362089e+05	3.528777e+00	6.410640e+00	106.97	1.497337e-07	4405	1.822e-02
135kHz_100dA_100Mss_NE5Xd023.txt	19/06/2024 16:50:34	-29.2	97.21	5.59	38460.00	435.87	1.362089e+05	3.523623e+00	6.406631e+00	103.47	1.449773e-07	4405	1.829e-02
135kHz_100dA_100Mss_NE5Xd024.txt	19/06/2024 16:50:34	-29.2	97.87	5.63	38460.00	436.57	1.362089e+05	3.534274e+00	6.408716e+00	105.53	1.474558e-07	4405	1.824e-02
135kHz_100dA_100Mss_NE5Xd025.txt	19/06/2024 16:50:35	-27.6	97.64	5.59	38460.00	433.46	1.362089e+05	3.516086e+00	6.407994e+00	104.39	1.465958e-07	4405	1.816e-02
135kHz_100dA_100Mss_NE5Xd026.txt	19/06/2024 16:50:36	-26.2	97.47	5.63	38460.00	431.48	1.362089e+05	3.497115e+00	6.408859e+00	104.54	1.476263e-07	4405	1.818e-02
135kHz_100dA_100Mss_NE5Xd027.txt	19/06/2024 16:50:36	-26.2	97.00	5.58	38460.00	435.10	1.362089e+05	3.523359e+00	6.407385e+00	104.10	1.458742e-07	4405	1.821e-02
135kHz_100dA_100Mss_NE5Xd028.txt	19/06/2024 16:50:37	-24.9	95.17	5.51	38460.00	429.04	1.362089e+05	3.476963e+00	6.404935e+00	100.71	1.429699e-07	4405	1.808e-02
135kHz_100dA_100Mss_NE5Xd029.txt	19/06/2024 16:50:37	-24.9	97.20	5.54	38460.00	438.56	1.362089e+05	3.554405e+00	6.407655e+00	105.24	1.461956e-07	4405	1.831e-02
135kHz_100dA_100Mss_NE5Xd030.txt	19/06/2024 16:50:38	-23.7	95.09	5.50	38460.00	429.15	1.361779e+05	3.479100e+00	6.405017e+00	100.82	1.430681e-07	4406	1.810e-02
135kHz_100dA_100Mss_NE5Xd031.txt	19/06/2024 16:50:38	-23.7	95.59	5.52	38460.00	429.52	1.362089e+05	3.482393e+00	6.406029e+00	101.77	1.442679e-07	4405	1.812e-02
135kHz_100dA_100Mss_NE5Xd032.txt	19/06/2024 16:50:39	-22.4	95.39	5.45	38460.00	435.25	1.361779e+05	3.527126e+00	6.404210e+00	101.53	1.421105e-07	4406	1.839e-02
135kHz_100dA_100Mss_NE5Xd033.txt	19/06/2024 16:50:39	-22.4	94.42	5.44	38460.00	429.59	1.362089e+05	3.484586e+00	6.404635e+00	100.68	1.426144e-07	4405	1.813e-02
135kHz_100dA_100Mss_NE5Xd034.txt	19/06/2024 16:50:40	-21.5	94.71	5.39	38460.00	436.98	1.362089e+05	3.538671e+00	6.402190e+00	100.20	1.397174e-07	4405	1.842e-02
135kHz_100dA_100Mss_NE5Xd035.txt	19/06/2024 16:50:40	-21.5	94.28	5.46	38460.00	426.98	1.362089e+05	3.463926e+00	6.405685e+00	100.95	1.438576e-07	4405	1.803e-02
135kHz_100dA_100Mss_NE5Xd036.txt	19/06/2024 16:50:41	-20.1	95.07	5.36	38460.00	442.51	1.362089e+05	3.580507e+00	6.402246e+00	101.43	1.397810e-07	4405	1.855e-02
135kHz_100dA_100Mss_NE5Xd037.txt	19/06/2024 16:50:41	-20.1	94.58	5.40	38460.00	437.60	1.362089e+05	3.541876e+00	6.403219e+00	101.15	1.409348e-07	4405	1.833e-02
135kHz_100dA_100Mss_NE5Xd038.txt	19/06/2024 16:50:42	-19.5	94.17	5.39	38460.00	433.22	1.362089e+05	3.511588e+00	6.402895e+00	100.02	1.405477e-07	4405	1.831e-02
135kHz_100dA_100Mss_NE5Xd039.txt	19/06/2024 16:50:43	-18.6	94.21	5.38	38460.00	432.81	1.362089e+05	3.508766e+00	6.403291e+00	100.26	1.410200e-07	4405	1.837e-02
135kHz_100dA_100Mss_NE5Xd040.txt	19/06/2024 16:50:43	-18.6	94.12	5.39	38460.00	430.90	1.362089e+05	3.494924e+00	6.403727e+00	100.23	1.415367e-07	4405	1.826e-02
135kHz_100dA_100Mss_NE5Xd041.txt	19/06/2024 16:50:44	-17.9	93.73	5.36	38460.00	429.63	1.361779e+05	3.486838e+00	6.402945e+00	99.33	1.406114e-07	4406	1.829e-02
135kHz_100dA_100Mss_NE5Xd042.txt	19/06/2024 16:50:44	-17.9	93.38	5.31	38460.00	433.97	1.362089e+05	3.516317e+00	6.400872e+00	98.47	1.381485e-07	4405	1.842e-02
135kHz_100dA_100Mss_NE5Xd043.txt	19/06/2024 16:50:45	-17.1	94.03	5.30	38460.00	440.21	1.362089e+05	3.565035e+00	6.401139e+00	100.06	1.384650e-07	4405	1.860e-02
135kHz_100dA_100Mss_NE5Xd044.txt	19/06/2024 16:50:45	-17.1	94.05	5.31	38460.00	439.44	1.362089e+05	3.557463e+00	6.401193e+00	99.89	1.385310e-07	4405	1.856e-02
135kHz_100dA_100Mss_NE5Xd045.txt	19/06/2024 16:50:46	-16.3	93.47	5.33	38460.00	434.91	1.362089e+05	3.521917e+00	6.401851e+00	99.44	1.393130e-07	4405	1.834e-02
135kHz_100dA_100Mss_NE5Xd046.txt	19/06/2024 16:50:46	-16.3	93.69	5.37	38460.00	429.66	1.362089e+05	3.485247e+00	6.403309e+00	99.61	1.410405e-07	4405	1.821e-02
135kHz_100dA_100Mss_NE5Xd047.txt	19/06/2024 16:50:47	-15.4	93.41	5.32	38460.00	433.93	1.362089e+05	3.515477e+00	6.402302e+00	99.63	1.398466e-07	4405	1.835e-02
135kHz_100dA_100Mss_NE5Xd048.txt	19/06/2024 16:50:47	-15.4	92.06	5.30	38460.00	430.16	1.362089e+05	3.484730e+00	6.400510e+00	97.28	1.377253e-07	4405	1.812e-02
135kHz_100dA_100Mss_NE5Xd049.txt	19/06/2024 16:50:48	-14.8	92.91	5.29	38460.00	436.69	1.362089e+05	3.536034e+00	6.401272e+00	99.35	1.386288e-07	4405	1.838e-02
135kHz_100dA_100Mss_NE5Xd050.txt	19/06/2024 16:50:48	-14.8	91.92	5.26	38460.00	432.43	1.361779e+05	3.503473e+00	6.399904e+00	97.28	1.370051e-07	4406	1.822e-02
135kHz_100dA_100Mss_NE5Xd051.txt	19/06/2024 16:50:49	-14.3	91.26	5.24	38460.00	429.80	1.362089e+05	3.481019e+00	6.398810e+00	95.78	1.357111e-07	4405	1.822e-02
135kHz_100dA_100Mss_NE5Xd052.txt	19/06/2024 16:50:49	-14.3	92.64	5.25	38460.00	436.53	1.361779e+05	3.538237e+00	6.400043e+00	98.36	1.371731e-07	4406	1.846e-02
135kHz_100dA_100Mss_NE5Xd053.txt	19/06/2024 16:50:50	-13.8	92.33	5.26	38460.00	435.34	1.362089e+05	3.522019e+00	6.400140e+00	98.02	1.372876e-07	4405	1.835e-02
135kHz_100dA_100Mss_NE5Xd054.txt	19/06/2024 16:50:50	-13.8	92.97	5.30	38460.00	434.23	1.361779e+05	3.522296e+00	6.402063e+00	99.60	1.395653e-07	4406	1.834e-02
135kHz_100dA_100Mss_NE5Xd055.txt	19/06/2024 16:50:51	-13.8	91.86	5.27	38460.00	426.14	1.362089e+05	3.459222e+00	6.400528e+00	96.58	1.377466e-07	4405	1.826e-02
135kHz_100dA_100Mss_NE5Xd056.txt	19/06/2024 16:50:51	-13.8	93.01	5.32	38460.00	430.79	1.362089e+05	3.498706e+00	6.403105e+00	99.82	1.408019e-07	4405	1.824e-02
135kHz_100dA_100Mss_NE5Xd057.txt	19/06/2024 16:50:53	-12.7	93.54	5.28	38460.00	439.50	1.362089e+05	3.561748e+00	6.402450e+00	101.07	1.400230e-07	4405	1.848e-02
135kHz_100dA_100Mss_NE5Xd058.txt	19/06/2024 16:50:53	-12.7	91.61	5.18	38460.00	437.96	1.362089e+05	3.545613e+00	6.398597e+00	97.38	1.354580e-07	4405	1.845e-02
135kHz_100dA_100Mss_NE5Xd059.txt	19/06/2024 16:50:54	-12.3	91.55	5.20	38460.00	433.73	1.362089e+05	3.514741e+00	6.399137e+00	96.98	1.360960e-07	4405	1.834e-02
135kHz_100dA_100Mss_NE5Xd060.txt	19/06/2024 16:50:54	-12.3	91.68	5.23	38460.00	432.92	1.362089e+05	3.507442e+00	6.400098e+00	97.57	1.372367e-07	4405	1.828e-02
135kHz_100dA_100Mss_NE5Xd061.txt	19/06/2024 16:50:55	-11.9	91.24	5.20	38460.00	431.39	1.362089e+05	3.498423e+00	6.399569e+00	96.89	1.366083e-07	4405	1.826e-02
135kHz_100dA_100Mss_NE5Xd062.txt	19/06/2024 16:50:55	-11.9	91.53	5.19	38460.00	437.83	1.362089e+05	3.544471e+00	6.398414e+00	97.19	1.352422e-07	4405	1.848e-02
135kHz_100dA_100Mss_NE5Xd063.txt	19/06/2024 16:50:56	-11.5	90.23	5.17	38460.00	431.27	1.362089e+05	3.490273e+00	6.397661e+00	95.08	1.343492e-07	4405	1.815e-02
135kHz_100dA_100Mss_NE5Xd064.txt	19/06/2024 16:50:56	-11.5	90.03	5.11	38460.00	439.47	1.362089e+05	3.553868e+00	6.396270e+00	95.64	1.327064e-07	4405	1.829e-02
135kHz_100dA_100Mss_NE5Xd065.txt	19/06/2024 16:50:57	-10.9	90.67	5.17	38460.00	433.26	1.362089e+05	3.507389e+00	6.398277e+00	96.06	1.350842e-07	4405	1.830e-02
135kHz_100dA_100Mss_NE5Xd066.txt	19/06/2024 16:50:57	-10.9	90.37	5.15	38460.00	434.30	1.362089e+05	3.515648e+00	6.397393e+00	95.55	1.340342e-07	4405	1.829e-02
135kHz_100dA_100Mss_NE5Xd067.txt	19/06/2024 16:50:58	-10.6	89.58	5.10	38460.00	432.47	1.362089e+05	3.500019e+00	6.395806e+00	93.81	1.321573e-07	4405	1.831e-02
135kHz_100dA_100Mss_NE5Xd068.txt	19/06/2024 16:50:58	-10.6	89.68	5.15	38460.00	430.69	1.362089e+05	3.491960e+00	6.396936e+00	94.53	1.334920e-07	4405	1.821e-02
135kHz_100dA_100Mss_NE5Xd069.txt	19/06/2024 16:50:59	-10.1	89.83	5.11	38460.00	435.63	1.362089e+05	3.524843e+00	6.396849e+00	95.34	1.333886e-07	4405	1.833e-02
135kHz_100dA_100Mss_NE5Xd070.txt	19/06/2024 16:50:59	-10.1	89.94	5.17	38460.00	432.03	1.361779e+05	3.499763e+00	6.398453e+00	95.98	1.352914e-07	4406	1.820e-02
135kHz_100dA_100Mss_NE5Xd071.txt	19/06/2024 16:51:00	-9.8	90.37	5.17	38460.00	436.79	1.362089e+05	3.533670e+00	6.398481e+00	96.95	1.353204e-07	4405	1.824e-02
135kHz_100dA_100Mss_NE5Xd072.txt	19/06/2024 16:51:00	-9.8	89.83	5.14	38460.00	433.15	1.362089e+05	3.506717e+00	6.397837e+00	95.68	1.345578e-07	4405	1.824e-02
135kHz_100dA_100Mss_NE5Xd073.txt	19/06/2024 16:51:01	-9.5	89.56	5.11	38460.00	433.86	1.362089e+05	3.513374e+00	6.396780e+00	94.98	1.333105e-07	4405	1.824e-02
135kHz_100dA_100Mss_NE5Xd074.txt	19/06/2024 16:51:01	-9.5	89.95	5.18	38460.00	430.91	1.362089e+05	3.491414e+00	6.399086e+00	96.29	1.360395e-07	4405	1.815e-02
135kHz_100dA_100Mss_NE5Xd075.txt	19/06/2024 16:51:02	-9.2	90.36	5.18	38460.00	435.38	1.362089e+05	3.523425e+00	6.399190e+00	97.26	1.361629e-07	4405	1.821e-02
135kHz_100dA_100Mss_NE5Xd076.txt	19/06/2024 16:51:03	-8.9	89.01	5.12	38460.00	433.01	1.361779e+05	3.500479e+00	6.397497e+00	95.20	1.341564e-07	4406	1.811e-02
135kHz_100dA_100Mss_NE5Xd077.txt	19/06/2024 16:51:04	-8.6	89.51	5.08	38460.00	441.22	1.361779e+05	3.569638e+00	6.396780e+00	96.48	1.333114e-07	4406	1.839e-02
135kHz_100dA_100Mss_NE5Xd078.txt	19/06/2024 16:51:04	-8.6	89.80	5.18	38460.00	431.10	1.362089e+05	3.493049e+00	6.399867e+00	96.98	1.369640e-07	4405	1.804e-02
135kHz_100dA_100Mss_NE5Xd079.txt	19/06/2024 16:51:05	-8.4	89.14	5.14	38460.00	431.48	1.362089e+05	3.489582e+00	6.397733e+00	95.12	1.344382e-07	4405	1.799e-02
135kHz_100dA_100Mss_NE5Xd080.txt	19/06/2024 16:51:05	-8.4	89.19	5.16	38460.00	431.46	1.362089e+05	3.488505e+00	6.399214e+00	96.32	1.361885e-07	4405	1.795e-02
135kHz_100dA_100Mss_NE5Xd081.txt	19/06/2024 16:51:06	-8.1	88.68	5.11	38460.00	430.70	1.362089e+05	3.486832e+00	6.397024e+00	94.46	1.335978e-07	4405	1.806e-02
135kHz_100dA_100Mss_NE5Xd082.txt	19/06/2024 16:51:06	-8.1	88.39	5.12	38460.00	431.64	1.362089e+05	3.490601e+00	6.397723e+00	95.14	1.344250e-07	4405	1.798e-02
135kHz_100dA_100Mss_NE5Xd083.txt	19/06/2024 16:51:07	-7.7	88.18	5.12	38460.00	429.26	1.361779e+05	3.472709e+00	6.398110e+00	94.95	1.348857e-07	4406	1.788e-02
135kHz_100dA_100Mss_NE5Xd084.txt	19/06/2024 16:51:07	-7.7	88.22	5.04	38460.00	439.25	1.362089e+05	3.543894e+00	6.395223e+00	94.50	1.314642e-07	4405	1.823e-02
135kHz_100dA_100Mss_NE5Xd085.txt	19/06/2024 16:51:08	-7.4	87.14	5.03	38460.00	431.41	1.362089e+05	3.484635e+00	6.395172e+00	92.87	1.314011e-07	4405	1.801e-02
135kHz_100dA_100Mss_NE5Xd086.txt	19/06/2024 16:51:08	-7.4	88.49	5.04	38460.00	441.10	1.362089e+05	3.564026e+00	6.396128e+00	95.80	1.325344e-07	4405	1.821e-02
135kHz_100dA_100Mss_NE5Xd087.txt	19/06/2024 16:51:09	-7.2	88.22	5.09	38460.00	434.59	1.362089e+05	3.511194e+00	6.396717e+00	94.87	1.332355e-07	4405	1.809e-02
135kHz_100dA_100Mss_NE5Xd088.txt	19/06/2024 16:51:09	-7.2	87.89	5.07	38460.00	434.02	1.362089e+05	3.505376e+00	6.396089e+00	94.19	1.324897e-07	4405	1.803e-02
135kHz_100dA_100Mss_NE5Xd089.txt	19/06/2024 16:51:10	-6.9	86.47	4.95	38460.00	439.41	1.361779e+05	3.543820e+00	6.391745e+00	91.55	1.273535e-07	4406	1.815e-02
135kHz_100dA_100Mss_NE5Xd090.txt	19/06/2024 16:51:10	-6.9	87.48	5.09	38460.00	430.72	1.362089e+05	3.483353e+00	6.396880e+00	94.25	1.334275e-07	4405	1.793e-02
135kHz_100dA_100Mss_NE5Xd091.txt	19/06/2024 16:51:11	-6.7	88.11	5.05	38460.00	440.40	1.362089e+05	3.554797e+00	6.396851e+00	96.16	1.333928e-07	4405	1.818e-02
135kHz_100dA_100Mss_NE5Xd092.txt	19/06/2024 16:51:11	-6.7	87.63	5.08	38460.00	434.37	1.362089e+05	3.508027e+00	6.396861e+00	94.90	1.334039e-07	4405	1.792e-02
135kHz_100dA_100Mss_NE5Xd093.txt	19/06/2024 16:51:12	-6.5	87.54	5.10	38460.00	428.77	1.362089e+05	3.466159e+00	6.397707e+00	94.46	1.344065e-07	4405	1.796e-02
135kHz_100dA_100Mss_NE5Xd094.txt	19/06/2024 16:51:12	-6.5	87.34	5.10	38460.00	429.02	1.362089e+05	3.469057e+00	6.397703e+00	94.54	1.344028e-07	4405	1.782e-02
135kHz_100dA_100Mss_NE5Xd095.txt	19/06/2024 16:51:13	-6.2	87.13	5.01	38460.00	435.07	1.361779e+05	3.512638e+00	6.394881e+00	93.36	1.310598e-07	4406	1.810e-02
135kHz_100dA_100Mss_NE5Xd096.txt	19/06/2024 16:51:14	-6.0	87.22	5.04	38460.00	438.08	1.362089e+05	3.533900e+00	6.396077e+00	94.94	1.324770e-07	4405	1.797e-02
135kHz_100dA_100Mss_NE5Xd097.txt	19/06/2024 16:51:14	-6.0	87.98	5.11	38460.00	430.98	1.362089e+05	3.483398e+00	6.398988e+00	95.99	1.359251e-07	4405	1.783e-02
135kHz_100dA_100Mss_NE5Xd098.txt	19/06/2024 16:51:15	-6.0	87.41	5.11	38460.00	430.12	1.362089e+05	3.477162e+00	6.398475e+00	95.40	1.353148e-07	4405	1.779e-02
135kHz_100dA_100Mss_NE5Xd099.txt	19/06/2024 16:51:15	-6.0	86.56	5.02	38460.00	430.81	1.362089e+05	3.482853e+00	6.395978e+00	93.49	1.323630e-07	4405	1.792e-02
135kHz_100dA_100Mss_NE5Xd100.txt	19/06/2024 16:51:16	-5.7	86.92	5.05	38460.00	435.06	1.361779e+05	3.509325e+00	6.395771e+00	94.01	1.321148e-07	4406	1.793e-02
135kHz_100dA_100Mss_NE5Xd101.txt	19/06/2024 16:51:16	-5.7	87.49	5.08	38460.00	430.16	1.362089e+05	3.469930e+00	6.397099e+00	94.07	1.336846e-07	4405	1.790e-02
135kHz_100dA_100Mss_NE5Xd102.txt	19/06/2024 16:51:17	-5.5	85.18	4.96	38460.00	434.58	1.362089e+05	3.498050e+00	6.392565e+00	91.07	1.283240e-07	4405	1.778e-02
135kHz_100dA_100Mss_NE5Xd103.txt	19/06/2024 16:51:17	-5.5	87.34	5.11	38460.00	425.07	1.361779e+05	3.443313e+00	6.399213e+00	95.05	1.361895e-07	4406	1.772e-02
135kHz_100dA_100Mss_NE5Xd104.txt	19/06/2024 16:51:18	-5.3	86.43	5.07	38460.00	428.24	1.362089e+05	3.459409e+00	6.397480e+00	94.09	1.341382e-07	4405	1.772e-02
135kHz_100dA_100Mss_NE5Xd105.txt	19/06/2024 16:51:19	-5.1	86.66	5.08	38460.00	426.12	1.362089e+05	3.445363e+00	6.397476e+00	93.71	1.341343e-07	4405	1.780e-02
135kHz_100dA_100Mss_NE5Xd106.txt	19/06/2024 16:51:19	-5.1	87.22	5.06	38460.00	434.55	1.362089e+05	3.506247e+00	6.397583e+00	95.45	1.342579e-07	4405	1.791e-02
135kHz_100dA_100Mss_NE5Xd107.txt	19/06/2024 16:51:20	-4.9	86.32	5.08	38460.00	428.09	1.362089e+05	3.453195e+00	6.396351e+00	93.00	1.328021e-07	4405	1.771e-02
135kHz_100dA_100Mss_NE5Xd108.txt	19/06/2024 16:51:20	-4.9	86.10	4.97	38460.00	439.04	1.361779e+05	3.533871e+00	6.393639e+00	92.88	1.295922e-07	4406	1.794e-02
135kHz_100dA_100Mss_NE5Xd109.txt	19/06/2024 16:51:21	-4.7	86.34	5.02	38460.00	434.39	1.362089e+05	3.503350e+00	6.395781e+00	93.88	1.321281e-07	4405	1.787e-02
135kHz_100dA_100Mss_NE5Xd110.txt	19/06/2024 16:51:21	-4.7	86.28	5.02	38460.00	433.40	1.362089e+05	3.497656e+00	6.395917e+00	93.84	1.322898e-07	4405	1.785e-02
135kHz_100dA_100Mss_NE5Xd111.txt	19/06/2024 16:51:22	-4.6	87.03	5.07	38460.00	432.78	1.361779e+05	3.497286e+00	6.397667e+00	95.26	1.343607e-07	4406	1.789e-02
135kHz_100dA_100Mss_NE5Xd112.txt	19/06/2024 16:51:22	-4.6	87.52	5.04	38460.00	434.25	1.362089e+05	3.512481e+00	6.397480e+00	95.54	1.341373e-07	4405	1.803e-02
135kHz_100dA_100Mss_NE5Xd113.txt	19/06/2024 16:51:23	-4.4	87.08	5.04	38460.00	430.76	1.362089e+05	3.484566e+00	6.396954e+00	94.34	1.335174e-07	4405	1.794e-02
135kHz_100dA_100Mss_NE5Xd114.txt	19/06/2024 16:51:24	-4.2	87.42	5.02	38460.00	438.42	1.362089e+05	3.534639e+00	6.395701e+00	94.65	1.320338e-07	4405	1.814e-02
135kHz_100dA_100Mss_NE5Xd115.txt	19/06/2024 16:51:24	-4.2	87.59	5.13	38460.00	426.34	1.362089e+05	3.447670e+00	6.399233e+00	95.20	1.362151e-07	4405	1.772e-02
135kHz_100dA_100Mss_NE5Xd116.txt	19/06/2024 16:51:25	-4.1	87.20	5.00	38460.00	437.00	1.362089e+05	3.523527e+00	6.394858e+00	93.65	1.310372e-07	4405	1.814e-02
135kHz_100dA_100Mss_NE5Xd117.txt	19/06/2024 16:51:25	-4.1	87.43	5.04	38460.00	436.07	1.362089e+05	3.527404e+00	6.397123e+00	95.64	1.337161e-07	4405	1.801e-02
135kHz_100dA_100Mss_NE5Xd118.txt	19/06/2024 16:51:26	-3.9	88.06	5.10	38460.00	430.52	1.362089e+05	3.483678e+00	6.398970e+00	95.98	1.359020e-07	4405	1.792e-02
135kHz_100dA_100Mss_NE5Xd119.txt	19/06/2024 16:51:26	-3.9	87.99	5.13	38460.00	425.85	1.362089e+05	3.449005e+00	6.398770e+00	94.86	1.356667e-07	4405	1.786e-02
135kHz_100dA_100Mss_NE5Xd120.txt	19/06/2024 16:51:27	-3.7	86.92	4.92	38460.00	440.80	1.362089e+05	3.555010e+00	6.391690e+00	91.81	1.272920e-07	4405	1.843e-02
135kHz_100dA_100Mss_NE5Xd121.txt	19/06/2024 16:51:27	-3.7	88.73	5.09	38460.00	433.99	1.362089e+05	3.511254e+00	6.398386e+00	96.26	1.352142e-07	4405	1.814e-02
135kHz_100dA_100Mss_NE5Xd122.txt	19/06/2024 16:51:28	-3.5	89.36	5.14	38460.00	429.66	1.362089e+05	3.479372e+00	6.399303e+00	96.14	1.362999e-07	4405	1.811e-02
135kHz_100dA_100Mss_NE5Xd123.txt	19/06/2024 16:51:28	-3.5	87.76	5.04	38460.00	430.72	1.361779e+05	3.483387e+00	6.395468e+00	93.06	1.317585e-07	4406	1.815e-02
135kHz_100dA_100Mss_NE5Xd124.txt	19/06/2024 16:51:29	-3.4	87.98	4.99	38460.00	434.12	1.362089e+05	3.508127e+00	6.393173e+00	91.84	1.290430e-07	4405	1.837e-02
135kHz_100dA_100Mss_NE5Xd125.txt	19/06/2024 16:51:29	-3.4	90.00	5.05	38460.00	439.98	1.362089e+05	3.555682e+00	6.396061e+00	95.52	1.324559e-07	4405	1.860e-02
135kHz_100dA_100Mss_NE5Xd126.txt	19/06/2024 16:51:30	-3.2	90.89	5.04	38460.00	446.51	1.362089e+05	3.610955e+00	6.396014e+00	96.96	1.324033e-07	4405	1.889e-02
135kHz_100dA_100Mss_NE5Xd127.txt	19/06/2024 16:51:30	-3.2	90.40	5.06	38460.00	436.36	1.361779e+05	3.530582e+00	6.395722e+00	94.54	1.320598e-07	4406	1.867e-02
135kHz_100dA_100Mss_NE5Xd128.txt	19/06/2024 16:51:31	-3.1	92.46	5.13	38460.00	439.51	1.362089e+05	3.562974e+00	6.398559e+00	97.82	1.354180e-07	4405	1.889e-02
135kHz_100dA_100Mss_NE5Xd129.txt	19/06/2024 16:51:31	-3.1	92.85	5.17	38460.00	436.98	1.362089e+05	3.545719e+00	6.398813e+00	97.56	1.357180e-07	4405	1.886e-02
135kHz_100dA_100Mss_NE5Xd130.txt	19/06/2024 16:51:32	-3.0	93.06	5.09	38460.00	442.71	1.362089e+05	3.587674e+00	6.396350e+00	96.62	1.327997e-07	4405	1.919e-02
135kHz_100dA_100Mss_NE5Xd131.txt	19/06/2024 16:51:32	-3.0	94.15	5.14	38460.00	440.39	1.361779e+05	3.574152e+00	6.397550e+00	97.25	1.342225e-07	4406	1.928e-02
135kHz_100dA_100Mss_NE5Xd132.txt	19/06/2024 16:51:33	-2.9	95.70	5.19	38460.00	441.13	1.361779e+05	3.584702e+00	6.398946e+00	98.72	1.358744e-07	4406	1.944e-02
135kHz_100dA_100Mss_NE5Xd133.txt	19/06/2024 16:51:34	-2.7	98.48	5.22	38460.00	448.35	1.362089e+05	3.643372e+00	6.399090e+00	100.49	1.360467e-07	4405	1.993e-02
135kHz_100dA_100Mss_NE5Xd134.txt	19/06/2024 16:51:34	-2.7	98.72	5.28	38460.00	441.05	1.361779e+05	3.592396e+00	6.399246e+00	99.19	1.362302e-07	4406	1.988e-02
135kHz_100dA_100Mss_NE5Xd135.txt	19/06/2024 16:51:35	-2.5	101.68	5.33	38460.00	444.62	1.362089e+05	3.628775e+00	6.401305e+00	101.99	1.386717e-07	4405	2.030e-02
135kHz_100dA_100Mss_NE5Xd136.txt	19/06/2024 16:51:35	-2.5	103.55	5.28	38460.00	457.96	1.361779e+05	3.730807e+00	6.399355e+00	103.11	1.363618e-07	4406	2.096e-02
135kHz_100dA_100Mss_NE5Xd137.txt	19/06/2024 16:51:36	-2.5	106.44	5.45	38460.00	450.74	1.362089e+05	3.685452e+00	6.404164e+00	106.07	1.420604e-07	4405	2.095e-02
135kHz_100dA_100Mss_NE5Xd138.txt	19/06/2024 16:51:37	-2.4	108.72	5.42	38460.00	459.46	1.362089e+05	3.755541e+00	6.402871e+00	106.94	1.405244e-07	4405	2.153e-02
135kHz_100dA_100Mss_NE5Xd139.txt	19/06/2024 16:51:37	-2.4	110.99	5.48	38460.00	458.54	1.362089e+05	3.756237e+00	6.403917e+00	107.89	1.417665e-07	4405	2.187e-02
135kHz_100dA_100Mss_NE5Xd140.txt	19/06/2024 16:51:38	-2.2	112.25	5.49	38460.00	464.07	1.362089e+05	3.795583e+00	6.402406e+00	107.66	1.399752e-07	4405	2.216e-02
135kHz_100dA_100Mss_NE5Xd141.txt	19/06/2024 16:51:38	-2.2	114.52	5.57	38460.00	457.06	1.361779e+05	3.749699e+00	6.404330e+00	108.05	1.422573e-07	4406	2.239e-02
135kHz_100dA_100Mss_NE5Xd142.txt	19/06/2024 16:51:39	-2.1	117.36	5.59	38460.00	469.54	1.361779e+05	3.853057e+00	6.404061e+00	110.78	1.419387e-07	4406	2.299e-02
135kHz_100dA_100Mss_NE5Xd143.txt	19/06/2024 16:51:39	-2.1	119.49	5.66	38460.00	459.88	1.362089e+05	3.787734e+00	6.405370e+00	110.10	1.434887e-07	4405	2.330e-02
135kHz_100dA_100Mss_NE5Xd144.txt	19/06/2024 16:51:40	-2.0	123.54	5.74	38460.00	469.96	1.362089e+05	3.873006e+00	6.407614e+00	114.64	1.461507e-07	4405	2.369e-02
135kHz_100dA_100Mss_NE5Xd145.txt	19/06/2024 16:51:40	-2.0	126.48	5.82	38460.00	470.46	1.361779e+05	3.876487e+00	6.408923e+00	115.91	1.477046e-07	4406	2.410e-02
135kHz_100dA_100Mss_NE5Xd146.txt	19/06/2024 16:51:41	-1.9	129.47	5.88	38460.00	474.95	1.362089e+05	3.917410e+00	6.409753e+00	117.93	1.486945e-07	4405	2.461e-02
135kHz_100dA_100Mss_NE5Xd147.txt	19/06/2024 16:51:41	-1.9	132.11	5.97	38460.00	474.08	1.362089e+05	3.914126e+00	6.411480e+00	119.43	1.507417e-07	4405	2.481e-02
135kHz_100dA_100Mss_NE5Xd148.txt	19/06/2024 16:51:42	-1.9	134.99	6.01	38460.00	479.30	1.361779e+05	3.958188e+00	6.411466e+00	120.74	1.507262e-07	4406	2.526e-02
135kHz_100dA_100Mss_NE5Xd149.txt	19/06/2024 16:51:42	-1.9	138.49	6.12	38460.00	476.48	1.362089e+05	3.952609e+00	6.414985e+00	123.88	1.549103e-07	4405	2.565e-02
135kHz_100dA_100Mss_NE5Xd150.txt	19/06/2024 16:51:43	-1.8	141.19	6.15	38460.00	478.05	1.361779e+05	3.968547e+00	6.415061e+00	124.43	1.550017e-07	4406	2.604e-02
135kHz_100dA_100Mss_NE5Xd151.txt	19/06/2024 16:51:43	-1.8	143.52	6.15	38460.00	487.23	1.361779e+05	4.034569e+00	6.413353e+00	124.87	1.529675e-07	4406	2.656e-02
135kHz_100dA_100Mss_NE5Xd152.txt	19/06/2024 16:51:44	-1.7	150.55	6.31	38460.00	492.17	1.361779e+05	4.093543e+00	6.417708e+00	130.91	1.581493e-07	4406	2.710e-02
135kHz_100dA_100Mss_NE5Xd153.txt	19/06/2024 16:51:45	-1.6	153.10	6.39	38460.00	490.32	1.361779e+05	4.080867e+00	6.420166e+00	132.87	1.610758e-07	4406	2.727e-02
135kHz_100dA_100Mss_NE5Xd154.txt	19/06/2024 16:51:45	-1.6	156.10	6.50	38460.00	486.94	1.362089e+05	4.067550e+00	6.422799e+00	135.00	1.642087e-07	4405	2.767e-02
135kHz_100dA_100Mss_NE5Xd155.txt	19/06/2024 16:51:46	-1.6	158.94	6.48	38460.00	494.46	1.362089e+05	4.125098e+00	6.421064e+00	135.22	1.621419e-07	4405	2.819e-02
135kHz_100dA_100Mss_NE5Xd156.txt	19/06/2024 16:51:46	-1.6	162.00	6.54	38460.00	498.57	1.362089e+05	4.163894e+00	6.423393e+00	138.78	1.649147e-07	4405	2.850e-02
135kHz_100dA_100Mss_NE5Xd157.txt	19/06/2024 16:51:47	-1.4	164.58	6.54	38460.00	503.25	1.362089e+05	4.205799e+00	6.423113e+00	139.90	1.645771e-07	4405	2.894e-02
135kHz_100dA_100Mss_NE5Xd158.txt	19/06/2024 16:51:47	-1.4	166.02	6.58	38460.00	507.58	1.362089e+05	4.235607e+00	6.422731e+00	140.51	1.641247e-07	4405	2.896e-02
135kHz_100dA_100Mss_NE5Xd159.txt	19/06/2024 16:51:48	-1.4	168.91	6.60	38460.00	513.53	1.362089e+05	4.289992e+00	6.423754e+00	143.35	1.653439e-07	4405	2.936e-02
135kHz_100dA_100Mss_NE5Xd160.txt	19/06/2024 16:51:48	-1.4	170.85	6.76	38460.00	503.57	1.362089e+05	4.220717e+00	6.428069e+00	145.33	1.704914e-07	4405	2.916e-02
135kHz_100dA_100Mss_NE5Xd161.txt	19/06/2024 16:51:49	-1.4	171.94	6.79	38460.00	498.99	1.361779e+05	4.193079e+00	6.429197e+00	145.46	1.718415e-07	4406	2.919e-02
135kHz_100dA_100Mss_NE5Xd162.txt	19/06/2024 16:51:49	-1.4	174.34	6.89	38460.00	503.03	1.362089e+05	4.225063e+00	6.431373e+00	148.77	1.744404e-07	4405	2.923e-02
135kHz_100dA_100Mss_NE5Xd163.txt	19/06/2024 16:51:50	-1.3	177.31	6.90	38460.00	505.36	1.362089e+05	4.246402e+00	6.432800e+00	150.95	1.761449e-07	4405	2.951e-02
135kHz_100dA_100Mss_NE5Xd164.txt	19/06/2024 16:51:50	-1.3	179.22	6.85	38460.00	518.43	1.362089e+05	4.344334e+00	6.429796e+00	151.36	1.725556e-07	4405	2.999e-02
135kHz_100dA_100Mss_NE5Xd165.txt	19/06/2024 16:51:51	-1.2	180.06	6.91	38460.00	512.09	1.361779e+05	4.305267e+00	6.431836e+00	152.03	1.749923e-07	4406	2.992e-02
135kHz_100dA_100Mss_NE5Xd166.txt	19/06/2024 16:51:51	-1.2	180.99	6.95	38460.00	511.11	1.361779e+05	4.297744e+00	6.432253e+00	152.19	1.754921e-07	4406	2.991e-02
135kHz_100dA_100Mss_NE5Xd167.txt	19/06/2024 16:51:52	-1.2	182.30	6.95	38460.00	516.35	1.361779e+05	4.343505e+00	6.431994e+00	153.55	1.751803e-07	4406	3.011e-02
135kHz_100dA_100Mss_NE5Xd168.txt	19/06/2024 16:51:52	-1.2	184.55	6.95	38460.00	522.03	1.362089e+05	4.380133e+00	6.430980e+00	153.83	1.739732e-07	4405	3.043e-02
135kHz_100dA_100Mss_NE5Xd169.txt	19/06/2024 16:51:53	-1.1	184.55	7.00	38460.00	511.87	1.361779e+05	4.313183e+00	6.432848e+00	153.34	1.762055e-07	4406	3.029e-02
135kHz_100dA_100Mss_NE5Xd170.txt	19/06/2024 16:51:53	-1.1	186.95	7.07	38460.00	513.59	1.362089e+05	4.330967e+00	6.435269e+00	156.48	1.790971e-07	4405	3.037e-02
135kHz_100dA_100Mss_NE5Xd171.txt	19/06/2024 16:51:54	-1.1	189.73	7.10	38460.00	520.66	1.361779e+05	4.388014e+00	6.435741e+00	159.00	1.796622e-07	4406	3.076e-02
135kHz_100dA_100Mss_NE5Xd172.txt	19/06/2024 16:51:55	-1.0	190.94	7.17	38460.00	516.95	1.362089e+05	4.356579e+00	6.437469e+00	159.67	1.817290e-07	4405	3.068e-02
135kHz_100dA_100Mss_NE5Xd173.txt	19/06/2024 16:51:55	-1.0	193.25	7.20	38460.00	524.68	1.362089e+05	4.422333e+00	6.439516e+00	164.21	1.841806e-07	4405	3.084e-02
135kHz_100dA_100Mss_NE5Xd174.txt	19/06/2024 16:51:56	-1.0	193.59	7.20	38460.00	521.34	1.361779e+05	4.404414e+00	6.439409e+00	163.40	1.840539e-07	4406	3.097e-02
135kHz_100dA_100Mss_NE5Xd175.txt	19/06/2024 16:51:57	-0.9	195.08	7.23	38460.00	522.69	1.362089e+05	4.416298e+00	6.440214e+00	164.71	1.850152e-07	4405	3.094e-02
135kHz_100dA_100Mss_NE5Xd176.txt	19/06/2024 16:51:57	-0.9	196.42	7.23	38460.00	525.35	1.362089e+05	4.435990e+00	6.440094e+00	165.32	1.848731e-07	4405	3.118e-02
135kHz_100dA_100Mss_NE5Xd177.txt	19/06/2024 16:51:58	-0.9	196.30	7.23	38460.00	527.50	1.362089e+05	4.444313e+00	6.439130e+00	164.62	1.837201e-07	4405	3.118e-02
135kHz_100dA_100Mss_NE5Xd178.txt	19/06/2024 16:51:58	-0.9	197.16	7.25	38460.00	523.42	1.362089e+05	4.419854e+00	6.440123e+00	164.75	1.849104e-07	4405	3.114e-02
135kHz_100dA_100Mss_NE5Xd179.txt	19/06/2024 16:51:59	-0.9	198.13	7.30	38460.00	521.21	1.362089e+05	4.409285e+00	6.442186e+00	166.50	1.873754e-07	4405	3.110e-02
135kHz_100dA_100Mss_NE5Xd180.txt	19/06/2024 16:51:59	-0.9	198.67	7.25	38460.00	525.85	1.361779e+05	4.447239e+00	6.440182e+00	165.79	1.849733e-07	4406	3.138e-02
135kHz_100dA_100Mss_NE5Xd181.txt	19/06/2024 16:52:00	-0.8	200.06	7.35	38460.00	524.44	1.362089e+05	4.436836e+00	6.443421e+00	168.83	1.888558e-07	4405	3.120e-02
135kHz_100dA_100Mss_NE5Xd182.txt	19/06/2024 16:52:00	-0.8	200.82	7.30	38460.00	533.02	1.362089e+05	4.495619e+00	6.441267e+00	168.79	1.862790e-07	4405	3.152e-02
135kHz_100dA_100Mss_NE5Xd183.txt	19/06/2024 16:52:01	-0.8	201.07	7.32	38460.00	524.18	1.361779e+05	4.436321e+00	6.442312e+00	167.61	1.875333e-07	4406	3.141e-02
135kHz_100dA_100Mss_NE5Xd184.txt	19/06/2024 16:52:01	-0.8	201.62	7.40	38460.00	521.00	1.362089e+05	4.414039e+00	6.444909e+00	169.51	1.906471e-07	4405	3.121e-02
135kHz_100dA_100Mss_NE5Xd185.txt	19/06/2024 16:52:02	-0.7	202.42	7.38	38460.00	527.43	1.361779e+05	4.464244e+00	6.443993e+00	170.43	1.895400e-07	4406	3.137e-02
135kHz_100dA_100Mss_NE5Xd186.txt	19/06/2024 16:52:02	-0.7	203.33	7.43	38460.00	528.11	1.362089e+05	4.470241e+00	6.445518e+00	172.31	1.913773e-07	4405	3.140e-02
135kHz_100dA_100Mss_NE5Xd187.txt	19/06/2024 16:52:03	-0.7	202.30	7.42	38460.00	525.03	1.361779e+05	4.445022e+00	6.444971e+00	170.72	1.907207e-07	4406	3.128e-02
135kHz_100dA_100Mss_NE5Xd188.txt	19/06/2024 16:52:03	-0.7	203.80	7.41	38460.00	529.78	1.361779e+05	4.480366e+00	6.444756e+00	171.85	1.904624e-07	4406	3.134e-02
135kHz_100dA_100Mss_NE5Xd189.txt	19/06/2024 16:52:04	-0.6	204.04	7.40	38460.00	531.07	1.362089e+05	4.484403e+00	6.443411e+00	170.63	1.888450e-07	4405	3.151e-02
135kHz_100dA_100Mss_NE5Xd190.txt	19/06/2024 16:52:05	-0.6	204.58	7.41	38460.00	536.46	1.362089e+05	4.525304e+00	6.443546e+00	172.33	1.890095e-07	4405	3.156e-02
135kHz_100dA_100Mss_NE5Xd191.txt	19/06/2024 16:52:05	-0.6	205.77	7.50	38460.00	523.74	1.362089e+05	4.443954e+00	6.447741e+00	173.62	1.940426e-07	4405	3.133e-02
135kHz_100dA_100Mss_NE5Xd192.txt	19/06/2024 16:52:06	-0.6	207.51	7.48	38460.00	534.82	1.362089e+05	4.527041e+00	6.447820e+00	176.95	1.941350e-07	4405	3.163e-02
135kHz_100dA_100Mss_NE5Xd193.txt	19/06/2024 16:52:06	-0.6	207.27	7.48	38460.00	534.68	1.362089e+05	4.523441e+00	6.447447e+00	176.41	1.936895e-07	4405	3.148e-02
135kHz_100dA_100Mss_NE5Xd194.txt	19/06/2024 16:52:07	-0.5	207.68	7.45	38460.00	540.29	1.362089e+05	4.568565e+00	6.446166e+00	176.79	1.921564e-07	4405	3.166e-02
135kHz_100dA_100Mss_NE5Xd195.txt	19/06/2024 16:52:07	-0.5	208.02	7.45	38460.00	538.29	1.361779e+05	4.555019e+00	6.446874e+00	176.99	1.930032e-07	4406	3.175e-02
135kHz_100dA_100Mss_NE5Xd196.txt	19/06/2024 16:52:08	-0.5	207.00	7.42	38460.00	542.11	1.361779e+05	4.578041e+00	6.444438e+00	175.26	1.900783e-07	4406	3.163e-02
135kHz_100dA_100Mss_NE5Xd197.txt	19/06/2024 16:52:08	-0.5	208.26	7.43	38460.00	543.05	1.361779e+05	4.584756e+00	6.445220e+00	176.36	1.910194e-07	4406	3.171e-02
135kHz_100dA_100Mss_NE5Xd198.txt	19/06/2024 16:52:09	-0.5	207.79	7.50	38460.00	532.39	1.361779e+05	4.508961e+00	6.448298e+00	176.71	1.947149e-07	4406	3.152e-02
135kHz_100dA_100Mss_NE5Xd199.txt	19/06/2024 16:52:09	-0.5	208.16	7.51	38460.00	537.33	1.361779e+05	4.542847e+00	6.447493e+00	177.18	1.937464e-07	4406	3.148e-02
135kHz_100dA_100Mss_NE5Xd200.txt	19/06/2024 16:52:10	-0.5	208.14	7.51	38460.00	535.78	1.362089e+05	4.523759e+00	6.446884e+00	175.82	1.930141e-07	4405	3.160e-02
135kHz_100dA_100Mss_NE5Xd201.txt	19/06/2024 16:52:10	-0.5	209.00	7.49	38460.00	538.88	1.362089e+05	4.556588e+00	6.447343e+00	177.59	1.935659e-07	4405	3.158e-02
135kHz_100dA_100Mss_NE5Xd202.txt	19/06/2024 16:52:11	-0.4	209.44	7.55	38460.00	530.72	1.362089e+05	4.501450e+00	6.449966e+00	178.22	1.967179e-07	4405	3.154e-02
135kHz_100dA_100Mss_NE5Xd203.txt	19/06/2024 16:52:11	-0.4	209.96	7.53	38460.00	539.33	1.362089e+05	4.561423e+00	6.449032e+00	179.59	1.955976e-07	4405	3.155e-02
135kHz_100dA_100Mss_NE5Xd204.txt	19/06/2024 16:52:12	-0.4	209.01	7.50	38460.00	541.63	1.361779e+05	4.576099e+00	6.447409e+00	178.38	1.936477e-07	4406	3.166e-02
135kHz_100dA_100Mss_NE5Xd205.txt	19/06/2024 16:52:12	-0.4	208.78	7.51	38460.00	534.60	1.361779e+05	4.529598e+00	6.448331e+00	177.55	1.947562e-07	4406	3.151e-02
135kHz_100dA_100Mss_NE5Xd206.txt	19/06/2024 16:52:13	-0.5	209.73	7.59	38460.00	531.00	1.362089e+05	4.503273e+00	6.450907e+00	179.29	1.978509e-07	4405	3.142e-02
135kHz_100dA_100Mss_NE5Xd207.txt	19/06/2024 16:52:13	-0.5	210.57	7.61	38460.00	532.33	1.362089e+05	4.517222e+00	6.452673e+00	181.72	1.999786e-07	4405	3.131e-02
135kHz_100dA_100Mss_NE5Xd208.txt	19/06/2024 16:52:14	-0.5	210.58	7.54	38460.00	539.59	1.362089e+05	4.566729e+00	6.449601e+00	180.41	1.962836e-07	4405	3.150e-02
135kHz_100dA_100Mss_NE5Xd209.txt	19/06/2024 16:52:15	-0.4	210.19	7.55	38460.00	537.59	1.362089e+05	4.547359e+00	6.449488e+00	179.53	1.961405e-07	4405	3.145e-02
135kHz_100dA_100Mss_NE5Xd210.txt	19/06/2024 16:52:15	-0.4	211.06	7.50	38460.00	544.97	1.362089e+05	4.607864e+00	6.448461e+00	180.80	1.949058e-07	4405	3.168e-02
135kHz_100dA_100Mss_NE5Xd211.txt	19/06/2024 16:52:16	-0.4	210.42	7.50	38460.00	537.11	1.361779e+05	4.553004e+00	6.449066e+00	179.26	1.956369e-07	4406	3.160e-02
135kHz_100dA_100Mss_NE5Xd212.txt	19/06/2024 16:52:16	-0.4	208.71	7.46	38460.00	543.06	1.361779e+05	4.582758e+00	6.446000e+00	177.12	1.919596e-07	4406	3.148e-02
135kHz_100dA_100Mss_NE5Xd213.txt	19/06/2024 16:52:17	-0.4	211.10	7.47	38460.00	547.62	1.361779e+05	4.628830e+00	6.447813e+00	180.88	1.941352e-07	4406	3.172e-02
135kHz_100dA_100Mss_NE5Xd214.txt	19/06/2024 16:52:17	-0.4	211.19	7.52	38460.00	542.77	1.362089e+05	4.594742e+00	6.449613e+00	181.53	1.962946e-07	4405	3.155e-02
135kHz_100dA_100Mss_NE5Xd215.txt	19/06/2024 16:52:18	-0.4	211.44	7.53	38460.00	544.24	1.361779e+05	4.602327e+00	6.450056e+00	182.27	1.968312e-07	4406	3.158e-02
135kHz_100dA_100Mss_NE5Xd216.txt	19/06/2024 16:52:18	-0.4	209.88	7.54	38460.00	537.94	1.361779e+05	4.549093e+00	6.449256e+00	179.31	1.958646e-07	4406	3.133e-02
135kHz_100dA_100Mss_NE5Xd217.txt	19/06/2024 16:52:19	-0.4	210.78	7.50	38460.00	543.83	1.361779e+05	4.602199e+00	6.449425e+00	181.58	1.960675e-07	4406	3.144e-02
135kHz_100dA_100Mss_NE5Xd218.txt	19/06/2024 16:52:19	-0.4	209.66	7.52	38460.00	538.40	1.361779e+05	4.554214e+00	6.448833e+00	179.05	1.953592e-07	4406	3.128e-02
135kHz_100dA_100Mss_NE5Xd219.txt	19/06/2024 16:52:20	-0.4	211.06	7.62	38460.00	533.04	1.361779e+05	4.525113e+00	6.452858e+00	182.19	2.001953e-07	4406	3.116e-02
135kHz_100dA_100Mss_NE5Xd220.txt	19/06/2024 16:52:20	-0.4	211.51	7.56	38460.00	541.39	1.361779e+05	4.582270e+00	6.451423e+00	182.95	1.984712e-07	4406	3.126e-02
135kHz_100dA_100Mss_NE5Xd221.txt	19/06/2024 16:52:21	-0.4	211.31	7.58	38460.00	537.29	1.362089e+05	4.547597e+00	6.451768e+00	181.97	1.988836e-07	4405	3.119e-02
135kHz_100dA_100Mss_NE5Xd222.txt	19/06/2024 16:52:21	-0.4	211.68	7.57	38460.00	546.66	1.362089e+05	4.618498e+00	6.451205e+00	184.20	1.982080e-07	4405	3.135e-02
135kHz_100dA_100Mss_NE5Xd223.txt	19/06/2024 16:52:22	-0.4	211.82	7.57	38460.00	543.15	1.361779e+05	4.596861e+00	6.452019e+00	184.17	1.991867e-07	4406	3.131e-02
135kHz_100dA_100Mss_NE5Xd224.txt	19/06/2024 16:52:22	-0.4	209.75	7.50	38460.00	544.95	1.361779e+05	4.596543e+00	6.448065e+00	179.89	1.944343e-07	4406	3.127e-02
135kHz_100dA_100Mss_NE5Xd225.txt	19/06/2024 16:52:23	-0.4	211.86	7.58	38460.00	543.52	1.361779e+05	4.599772e+00	6.452320e+00	184.62	1.995490e-07	4406	3.126e-02
135kHz_100dA_100Mss_NE5Xd226.txt	19/06/2024 16:52:23	-0.4	210.76	7.55	38460.00	539.34	1.361779e+05	4.559004e+00	6.451136e+00	181.71	1.981252e-07	4406	3.117e-02
135kHz_100dA_100Mss_NE5Xd227.txt	19/06/2024 16:52:24	-0.4	212.32	7.57	38460.00	545.26	1.362089e+05	4.609971e+00	6.452046e+00	184.77	1.992230e-07	4405	3.129e-02
135kHz_100dA_100Mss_NE5Xd228.txt	19/06/2024 16:52:25	-0.3	210.89	7.51	38460.00	541.01	1.361779e+05	4.583037e+00	6.450759e+00	182.26	1.976678e-07	4406	3.130e-02
135kHz_100dA_100Mss_NE5Xd229.txt	19/06/2024 16:52:25	-0.3	210.53	7.50	38460.00	546.32	1.362089e+05	4.612018e+00	6.448874e+00	181.41	1.954078e-07	4405	3.131e-02
135kHz_100dA_100Mss_NE5Xd230.txt	19/06/2024 16:52:26	-0.3	210.67	7.53	38460.00	542.22	1.362089e+05	4.584219e+00	6.450439e+00	182.01	1.972899e-07	4405	3.117e-02
135kHz_100dA_100Mss_NE5Xd231.txt	19/06/2024 16:52:26	-0.3	211.49	7.56	38460.00	544.82	1.361779e+05	4.606750e+00	6.452485e+00	185.07	1.997521e-07	4406	3.117e-02
135kHz_100dA_100Mss_NE5Xd232.txt	19/06/2024 16:52:27	-0.3	212.40	7.55	38460.00	551.21	1.361779e+05	4.656296e+00	6.452248e+00	186.81	1.994610e-07	4406	3.124e-02
135kHz_100dA_100Mss_NE5Xd233.txt	19/06/2024 16:52:27	-0.3	211.59	7.56	38460.00	539.76	1.362089e+05	4.570908e+00	6.453446e+00	184.71	2.009052e-07	4405	3.101e-02
135kHz_100dA_100Mss_NE5Xd234.txt	19/06/2024 16:52:28	-0.3	210.69	7.51	38460.00	546.02	1.362089e+05	4.613037e+00	6.450580e+00	183.30	1.974587e-07	4405	3.114e-02
135kHz_100dA_100Mss_NE5Xd235.txt	19/06/2024 16:52:28	-0.3	210.47	7.52	38460.00	541.98	1.361779e+05	4.585353e+00	6.451024e+00	182.64	1.979921e-07	4406	3.109e-02
135kHz_100dA_100Mss_NE5Xd236.txt	19/06/2024 16:52:29	-0.3	210.92	7.48	38460.00	552.46	1.361779e+05	4.661312e+00	6.449308e+00	183.79	1.959312e-07	4406	3.128e-02
135kHz_100dA_100Mss_NE5Xd237.txt	19/06/2024 16:52:30	-0.3	211.04	7.53	38460.00	546.19	1.361779e+05	4.618978e+00	6.451676e+00	184.69	1.987724e-07	4406	3.115e-02
135kHz_100dA_100Mss_NE5Xd238.txt	19/06/2024 16:52:30	-0.3	211.37	7.51	38460.00	549.65	1.362089e+05	4.642785e+00	6.451055e+00	185.00	1.980304e-07	4405	3.112e-02
135kHz_100dA_100Mss_NE5Xd239.txt	19/06/2024 16:52:31	-0.3	210.77	7.47	38460.00	546.11	1.361779e+05	4.617879e+00	6.450495e+00	183.36	1.973529e-07	4406	3.126e-02
135kHz_100dA_100Mss_NE5Xd240.txt	19/06/2024 16:52:31	-0.3	211.01	7.49	38460.00	545.75	1.362089e+05	4.615502e+00	6.450705e+00	183.54	1.976084e-07	4405	3.117e-02
135kHz_100dA_100Mss_NE5Xd241.txt	19/06/2024 16:52:31	-0.3	211.87	7.44	38460.00	554.99	1.362089e+05	4.685640e+00	6.449790e+00	185.32	1.965084e-07	4405	3.138e-02
135kHz_100dA_100Mss_NE5Xd242.txt	19/06/2024 16:52:32	-0.3	211.67	7.51	38460.00	551.65	1.362089e+05	4.652274e+00	6.450938e+00	185.25	1.978859e-07	4405	3.117e-02
135kHz_100dA_100Mss_NE5Xd243.txt	19/06/2024 16:52:33	-0.3	209.97	7.44	38460.00	552.83	1.361779e+05	4.659462e+00	6.448793e+00	183.15	1.953082e-07	4406	3.123e-02
135kHz_100dA_100Mss_NE5Xd244.txt	19/06/2024 16:52:33	-0.3	210.54	7.50	38460.00	549.72	1.361779e+05	4.639483e+00	6.450806e+00	184.56	1.977347e-07	4406	3.099e-02
135kHz_100dA_100Mss_NE5Xd245.txt	19/06/2024 16:52:34	-0.2	210.87	7.47	38460.00	552.44	1.361779e+05	4.658844e+00	6.450303e+00	184.78	1.971293e-07	4406	3.112e-02
135kHz_100dA_100Mss_NE5Xd246.txt	19/06/2024 16:52:34	-0.2	210.78	7.50	38460.00	547.42	1.361779e+05	4.628840e+00	6.452191e+00	185.64	1.993974e-07	4406	3.103e-02
135kHz_100dA_100Mss_NE5Xd247.txt	19/06/2024 16:52:35	-0.2	210.12	7.49	38460.00	544.63	1.361779e+05	4.604196e+00	6.451379e+00	183.78	1.984196e-07	4406	3.098e-02
135kHz_100dA_100Mss_NE5Xd248.txt	19/06/2024 16:52:36	-0.3	210.51	7.44	38460.00	550.75	1.361779e+05	4.655565e+00	6.450616e+00	184.99	1.975034e-07	4406	3.104e-02
135kHz_100dA_100Mss_NE5Xd249.txt	19/06/2024 16:52:36	-0.3	210.71	7.50	38460.00	547.88	1.361779e+05	4.631027e+00	6.451792e+00	185.30	1.989178e-07	4406	3.096e-02
135kHz_100dA_100Mss_NE5Xd250.txt	19/06/2024 16:52:37	-0.3	210.86	7.48	38460.00	552.24	1.361779e+05	4.658075e+00	6.451240e+00	185.77	1.982517e-07	4406	3.108e-02
135kHz_100dA_100Mss_NE5Xd251.txt	19/06/2024 16:52:37	-0.3	210.26	7.47	38460.00	547.45	1.361779e+05	4.625690e+00	6.451130e+00	184.36	1.981211e-07	4406	3.099e-02
135kHz_100dA_100Mss_NE5Xd252.txt	19/06/2024 16:52:38	-0.2	209.64	7.48	38460.00	548.61	1.362089e+05	4.630025e+00	6.450837e+00	184.26	1.977686e-07	4405	3.080e-02
135kHz_100dA_100Mss_NE5Xd253.txt	19/06/2024 16:52:38	-0.2	210.55	7.45	38460.00	549.33	1.361779e+05	4.639298e+00	6.451987e+00	185.84	1.991435e-07	4406	3.112e-02
135kHz_100dA_100Mss_NE5Xd254.txt	19/06/2024 16:52:39	-0.3	210.16	7.38	38460.00	551.71	1.361779e+05	4.662119e+00	6.448877e+00	183.35	1.954027e-07	4406	3.118e-02
135kHz_100dA_100Mss_NE5Xd255.txt	19/06/2024 16:52:39	-0.3	210.50	7.41	38460.00	551.53	1.362089e+05	4.661137e+00	6.449593e+00	184.13	1.962647e-07	4405	3.112e-02
135kHz_100dA_100Mss_NE5Xd256.txt	19/06/2024 16:52:40	-0.2	208.41	7.37	38460.00	551.05	1.361779e+05	4.646335e+00	6.447348e+00	181.05	1.935765e-07	4406	3.089e-02
135kHz_100dA_100Mss_NE5Xd257.txt	19/06/2024 16:52:40	-0.2	209.90	7.41	38460.00	556.78	1.361779e+05	4.693733e+00	6.449024e+00	184.75	1.955927e-07	4406	3.108e-02
135kHz_100dA_100Mss_NE5Xd258.txt	19/06/2024 16:52:41	-0.2	211.30	7.42	38460.00	562.37	1.362089e+05	4.735549e+00	6.449341e+00	186.79	1.959705e-07	4405	3.111e-02
135kHz_100dA_100Mss_NE5Xd259.txt	19/06/2024 16:52:41	-0.2	209.59	7.40	38460.00	557.80	1.361779e+05	4.700341e+00	6.448573e+00	184.51	1.950486e-07	4406	3.101e-02
135kHz_100dA_100Mss_NE5Xd260.txt	19/06/2024 16:52:42	-0.2	209.46	7.35	38460.00	557.40	1.361779e+05	4.700894e+00	6.447597e+00	183.45	1.938750e-07	4406	3.109e-02
135kHz_100dA_100Mss_NE5Xd261.txt	19/06/2024 16:52:42	-0.2	208.60	7.36	38460.00	556.65	1.361779e+05	4.684921e+00	6.446962e+00	182.13	1.931124e-07	4406	3.097e-02
135kHz_100dA_100Mss_NE5Xd262.txt	19/06/2024 16:52:43	-0.2	209.12	7.42	38460.00	552.38	1.362089e+05	4.654653e+00	6.448874e+00	183.09	1.954105e-07	4405	3.089e-02
135kHz_100dA_100Mss_NE5Xd263.txt	19/06/2024 16:52:43	-0.2	209.96	7.37	38460.00	556.98	1.362089e+05	4.693057e+00	6.448559e+00	184.25	1.950323e-07	4405	3.112e-02
135kHz_100dA_100Mss_NE5Xd264.txt	19/06/2024 16:52:44	-0.2	209.21	7.40	38460.00	549.01	1.361779e+05	4.636206e+00	6.449627e+00	183.14	1.963152e-07	4406	3.085e-02
135kHz_100dA_100Mss_NE5Xd265.txt	19/06/2024 16:52:44	-0.2	209.90	7.40	38460.00	560.63	1.361779e+05	4.719053e+00	6.449139e+00	185.87	1.957251e-07	4406	3.100e-02
135kHz_100dA_100Mss_NE5Xd266.txt	19/06/2024 16:52:45	-0.3	209.54	7.40	38460.00	552.83	1.361779e+05	4.664613e+00	6.450006e+00	184.68	1.967701e-07	4406	3.095e-02
135kHz_100dA_100Mss_NE5Xd267.txt	19/06/2024 16:52:46	-0.2	211.30	7.43	38460.00	554.41	1.361779e+05	4.683548e+00	6.452505e+00	188.18	1.997713e-07	4406	3.100e-02
135kHz_100dA_100Mss_NE5Xd268.txt	19/06/2024 16:52:46	-0.2	208.83	7.42	38460.00	548.88	1.362089e+05	4.631215e+00	6.449781e+00	183.16	1.964993e-07	4405	3.080e-02
135kHz_100dA_100Mss_NE5Xd269.txt	19/06/2024 16:52:47	-0.2	210.16	7.41	38460.00	552.80	1.362089e+05	4.668036e+00	6.450804e+00	185.74	1.977301e-07	4405	3.091e-02
135kHz_100dA_100Mss_NE5Xd270.txt	19/06/2024 16:52:47	-0.2	209.99	7.34	38460.00	558.64	1.361779e+05	4.711016e+00	6.448788e+00	185.17	1.953078e-07	4406	3.116e-02
135kHz_100dA_100Mss_NE5Xd271.txt	19/06/2024 16:52:48	-0.2	210.31	7.40	38460.00	554.25	1.362089e+05	4.679379e+00	6.450479e+00	185.83	1.973376e-07	4405	3.095e-02
135kHz_100dA_100Mss_NE5Xd272.txt	19/06/2024 16:52:48	-0.2	210.44	7.33	38460.00	565.55	1.362089e+05	4.758208e+00	6.447491e+00	185.62	1.937485e-07	4405	3.129e-02
135kHz_100dA_100Mss_NE5Xd273.txt	19/06/2024 16:52:49	-0.2	209.54	7.34	38460.00	563.83	1.361779e+05	4.739625e+00	6.447795e+00	185.19	1.941148e-07	4406	3.100e-02
135kHz_100dA_100Mss_NE5Xd274.txt	19/06/2024 16:52:49	-0.2	209.78	7.34	38460.00	563.01	1.362089e+05	4.741175e+00	6.447840e+00	185.34	1.941676e-07	4405	3.113e-02
135kHz_100dA_100Mss_NE5Xd275.txt	19/06/2024 16:52:50	-0.2	210.21	7.37	38460.00	558.37	1.361779e+05	4.712755e+00	6.449961e+00	186.54	1.967171e-07	4406	3.096e-02
135kHz_100dA_100Mss_NE5Xd276.txt	19/06/2024 16:52:50	-0.2	209.88	7.33	38460.00	562.43	1.361779e+05	4.731688e+00	6.447789e+00	184.87	1.941095e-07	4406	3.110e-02
135kHz_100dA_100Mss_NE5Xd277.txt	19/06/2024 16:52:51	-0.2	211.02	7.37	38460.00	560.71	1.361779e+05	4.730705e+00	6.450902e+00	188.30	1.978421e-07	4406	3.113e-02
135kHz_100dA_100Mss_NE5Xd278.txt	19/06/2024 16:52:51	-0.2	209.74	7.36	38460.00	557.68	1.361779e+05	4.705333e+00	6.449437e+00	185.66	1.960869e-07	4406	3.085e-02
135kHz_100dA_100Mss_NE5Xd279.txt	19/06/2024 16:52:52	-0.2	209.91	7.35	38460.00	559.87	1.361779e+05	4.718267e+00	6.449403e+00	186.14	1.960483e-07	4406	3.102e-02
135kHz_100dA_100Mss_NE5Xd280.txt	19/06/2024 16:52:52	-0.2	209.73	7.30	38460.00	562.49	1.361779e+05	4.743344e+00	6.448010e+00	185.57	1.943762e-07	4406	3.111e-02
135kHz_100dA_100Mss_NE5Xd281.txt	19/06/2024 16:52:53	-0.2	208.95	7.36	38460.00	557.55	1.361779e+05	4.698952e+00	6.449052e+00	184.99	1.956235e-07	4406	3.080e-02
135kHz_100dA_100Mss_NE5Xd282.txt	19/06/2024 16:52:53	-0.2	209.11	7.37	38460.00	553.51	1.361779e+05	4.672043e+00	6.449641e+00	184.57	1.963313e-07	4406	3.084e-02
135kHz_100dA_100Mss_NE5Xd283.txt	19/06/2024 16:52:54	-0.2	209.69	7.28	38460.00	567.47	1.362089e+05	4.769226e+00	6.446076e+00	184.46	1.920461e-07	4405	3.122e-02
135kHz_100dA_100Mss_NE5Xd284.txt	19/06/2024 16:52:54	-0.2	209.34	7.27	38460.00	565.08	1.362089e+05	4.751533e+00	6.445685e+00	183.33	1.915747e-07	4405	3.128e-02
135kHz_100dA_100Mss_NE5Xd285.txt	19/06/2024 16:52:55	-0.2	210.14	7.31	38460.00	568.99	1.362089e+05	4.780885e+00	6.447239e+00	186.22	1.934485e-07	4405	3.115e-02
135kHz_100dA_100Mss_NE5Xd286.txt	19/06/2024 16:52:56	-0.2	209.34	7.32	38460.00	563.96	1.362089e+05	4.748905e+00	6.448213e+00	186.06	1.946152e-07	4405	3.096e-02
135kHz_100dA_100Mss_NE5Xd287.txt	19/06/2024 16:52:56	-0.2	210.94	7.35	38460.00	568.21	1.362089e+05	4.776310e+00	6.449809e+00	188.93	1.965359e-07	4405	3.107e-02
135kHz_100dA_100Mss_NE5Xd288.txt	19/06/2024 16:52:57	-0.2	208.88	7.31	38460.00	560.54	1.362089e+05	4.713266e+00	6.447576e+00	183.96	1.938538e-07	4405	3.098e-02
135kHz_100dA_100Mss_NE5Xd289.txt	19/06/2024 16:52:57	-0.2	209.04	7.31	38460.00	560.85	1.361779e+05	4.729788e+00	6.448481e+00	185.57	1.949424e-07	4406	3.092e-02
135kHz_100dA_100Mss_NE5Xd290.txt	19/06/2024 16:52:58	-0.2	210.49	7.35	38460.00	564.87	1.361779e+05	4.767242e+00	6.450559e+00	189.36	1.974359e-07	4406	3.097e-02
135kHz_100dA_100Mss_NE5Xd291.txt	19/06/2024 16:52:58	-0.2	209.19	7.27	38460.00	568.78	1.361779e+05	4.783714e+00	6.446220e+00	185.14	1.922247e-07	4406	3.110e-02
135kHz_100dA_100Mss_NE5Xd292.txt	19/06/2024 16:52:59	-0.2	208.67	7.23	38460.00	569.97	1.362089e+05	4.780352e+00	6.444376e+00	182.97	1.900144e-07	4405	3.112e-02
135kHz_100dA_100Mss_NE5Xd293.txt	19/06/2024 16:52:59	-0.2	209.12	7.26	38460.00	570.95	1.361779e+05	4.804645e+00	6.446258e+00	185.99	1.922729e-07	4406	3.120e-02
135kHz_100dA_100Mss_NE5Xd294.txt	19/06/2024 16:53:00	-0.2	209.80	7.30	38460.00	571.86	1.362089e+05	4.806911e+00	6.447254e+00	187.25	1.934687e-07	4405	3.111e-02
135kHz_100dA_100Mss_NE5Xd295.txt	19/06/2024 16:53:00	-0.2	210.26	7.29	38460.00	570.46	1.361779e+05	4.801429e+00	6.448635e+00	188.55	1.951276e-07	4406	3.113e-02
135kHz_100dA_100Mss_NE5Xd296.txt	19/06/2024 16:53:01	-0.2	209.99	7.25	38460.00	574.86	1.362089e+05	4.828114e+00	6.446094e+00	186.75	1.920779e-07	4405	3.126e-02
135kHz_100dA_100Mss_NE5Xd297.txt	19/06/2024 16:53:01	-0.2	210.03	7.26	38460.00	570.04	1.361779e+05	4.798027e+00	6.447723e+00	187.39	1.940342e-07	4406	3.117e-02
135kHz_100dA_100Mss_NE5Xd298.txt	19/06/2024 16:53:02	-0.2	210.24	7.30	38460.00	571.40	1.361779e+05	4.802396e+00	6.447832e+00	187.68	1.941661e-07	4406	3.109e-02
135kHz_100dA_100Mss_NE5Xd299.txt	19/06/2024 16:53:02	-0.2	210.79	7.24	38460.00	581.14	1.362089e+05	4.878483e+00	6.446696e+00	189.39	1.928020e-07	4405	3.132e-02
135kHz_100dA_100Mss_NE5Xd300.txt	19/06/2024 16:53:03	-0.2	209.16	7.24	38460.00	574.94	1.362089e+05	4.823803e+00	6.445556e+00	185.98	1.914347e-07	4405	3.120e-02
135kHz_100dA_100Mss_NE5Xd301.txt	19/06/2024 16:53:03	-0.2	209.12	7.24	38460.00	578.86	1.362089e+05	4.847159e+00	6.444738e+00	185.94	1.904487e-07	4405	3.105e-02
135kHz_100dA_100Mss_NE5Xd302.txt	19/06/2024 16:53:04	-0.2	209.58	7.24	38460.00	581.40	1.362089e+05	4.872525e+00	6.445503e+00	187.79	1.913645e-07	4405	3.118e-02
135kHz_100dA_100Mss_NE5Xd303.txt	19/06/2024 16:53:04	-0.2	210.06	7.26	38460.00	572.71	1.361779e+05	4.813877e+00	6.447293e+00	187.52	1.935181e-07	4406	3.123e-02
135kHz_100dA_100Mss_NE5Xd304.txt	19/06/2024 16:53:05	-0.2	209.91	7.20	38460.00	577.35	1.361779e+05	4.854664e+00	6.445715e+00	187.31	1.916227e-07	4406	3.135e-02
135kHz_100dA_100Mss_NE5Xd305.txt	19/06/2024 16:53:06	-0.1	209.99	7.25	38460.00	578.09	1.362089e+05	4.853954e+00	6.446384e+00	188.09	1.924250e-07	4405	3.118e-02
135kHz_100dA_100Mss_NE5Xd306.txt	19/06/2024 16:53:06	-0.1	210.31	7.20	38460.00	581.19	1.361779e+05	4.881964e+00	6.445956e+00	188.64	1.919090e-07	4406	3.133e-02
135kHz_100dA_100Mss_NE5Xd307.txt	19/06/2024 16:53:07	-0.2	211.43	7.18	38460.00	586.59	1.361779e+05	4.924484e+00	6.445902e+00	190.22	1.918395e-07	4406	3.161e-02
135kHz_100dA_100Mss_NE5Xd308.txt	19/06/2024 16:53:07	-0.2	210.51	7.19	38460.00	585.24	1.362089e+05	4.908071e+00	6.445353e+00	188.99	1.911851e-07	4405	3.145e-02
135kHz_100dA_100Mss_NE5Xd309.txt	19/06/2024 16:53:08	-0.2	210.64	7.15	38460.00	593.17	1.361779e+05	4.967455e+00	6.443591e+00	189.17	1.890723e-07	4406	3.156e-02
135kHz_100dA_100Mss_NE5Xd310.txt	19/06/2024 16:53:08	-0.2	210.75	7.23	38460.00	582.13	1.361779e+05	4.889560e+00	6.447226e+00	190.39	1.934370e-07	4406	3.126e-02
135kHz_100dA_100Mss_NE5Xd311.txt	19/06/2024 16:53:09	-0.2	209.72	7.16	38460.00	585.68	1.361779e+05	4.908407e+00	6.443796e+00	187.16	1.893215e-07	4406	3.137e-02
135kHz_100dA_100Mss_NE5Xd312.txt	19/06/2024 16:53:10	-0.1	209.96	7.18	38460.00	586.96	1.361779e+05	4.918961e+00	6.444357e+00	188.22	1.899960e-07	4406	3.143e-02
135kHz_100dA_100Mss_NE5Xd313.txt	19/06/2024 16:53:10	-0.1	209.87	7.18	38460.00	584.51	1.361779e+05	4.905966e+00	6.445111e+00	188.59	1.909003e-07	4406	3.133e-02
135kHz_100dA_100Mss_NE5Xd314.txt	19/06/2024 16:53:11	-0.1	208.77	7.16	38460.00	581.33	1.361779e+05	4.873117e+00	6.443965e+00	186.01	1.895218e-07	4406	3.130e-02
135kHz_100dA_100Mss_NE5Xd315.txt	19/06/2024 16:53:11	-0.1	208.69	7.17	38460.00	580.65	1.362089e+05	4.870874e+00	6.443896e+00	185.89	1.894394e-07	4405	3.122e-02
135kHz_100dA_100Mss_NE5Xd316.txt	19/06/2024 16:53:12	-0.2	210.57	7.22	38460.00	582.67	1.361779e+05	4.890535e+00	6.447374e+00	190.60	1.936160e-07	4406	3.131e-02
135kHz_100dA_100Mss_NE5Xd317.txt	19/06/2024 16:53:12	-0.2	210.61	7.19	38460.00	583.87	1.362089e+05	4.901971e+00	6.446013e+00	189.52	1.919843e-07	4405	3.140e-02
135kHz_100dA_100Mss_NE5Xd318.txt	19/06/2024 16:53:13	-0.2	210.61	7.18	38460.00	586.31	1.361779e+05	4.922854e+00	6.445382e+00	189.55	1.912258e-07	4406	3.149e-02
135kHz_100dA_100Mss_NE5Xd319.txt	19/06/2024 16:53:13	-0.2	210.42	7.23	38460.00	583.51	1.361779e+05	4.899203e+00	6.447120e+00	190.64	1.933112e-07	4406	3.124e-02
135kHz_100dA_100Mss_NE5Xd320.txt	19/06/2024 16:53:14	-0.2	209.80	7.16	38460.00	587.83	1.361779e+05	4.928954e+00	6.444812e+00	189.13	1.905374e-07	4406	3.142e-02
135kHz_100dA_100Mss_NE5Xd321.txt	19/06/2024 16:53:14	-0.2	210.36	7.11	38460.00	596.42	1.361779e+05	4.996993e+00	6.442957e+00	189.55	1.883156e-07	4406	3.168e-02
135kHz_100dA_100Mss_NE5Xd322.txt	19/06/2024 16:53:15	-0.2	210.00	7.08	38460.00	595.91	1.361779e+05	4.992660e+00	6.442427e+00	188.77	1.876833e-07	4406	3.179e-02
135kHz_100dA_100Mss_NE5Xd323.txt	19/06/2024 16:53:16	-0.1	210.52	7.09	38460.00	600.35	1.362089e+05	5.019826e+00	6.441979e+00	189.31	1.871408e-07	4405	3.173e-02
135kHz_100dA_100Mss_NE5Xd324.txt	19/06/2024 16:53:16	-0.1	211.55	7.10	38460.00	603.17	1.362089e+05	5.041518e+00	6.442655e+00	190.93	1.879500e-07	4405	3.194e-02
135kHz_100dA_100Mss_NE5Xd325.txt	19/06/2024 16:53:17	-0.2	211.19	7.13	38460.00	600.36	1.361779e+05	5.021334e+00	6.444197e+00	191.94	1.897948e-07	4406	3.170e-02
135kHz_100dA_100Mss_NE5Xd326.txt	19/06/2024 16:53:17	-0.2	210.54	7.09	38460.00	601.53	1.361779e+05	5.023159e+00	6.441533e+00	188.86	1.866088e-07	4406	3.172e-02
135kHz_100dA_100Mss_NE5Xd327.txt	19/06/2024 16:53:18	-0.1	211.03	7.12	38460.00	595.37	1.361779e+05	4.983593e+00	6.443438e+00	189.61	1.888921e-07	4406	3.173e-02
135kHz_100dA_100Mss_NE5Xd328.txt	19/06/2024 16:53:18	-0.1	210.50	7.15	38460.00	592.59	1.361779e+05	4.967063e+00	6.444530e+00	190.26	1.902013e-07	4406	3.147e-02
135kHz_100dA_100Mss_NE5Xd329.txt	19/06/2024 16:53:19	-0.1	209.97	7.08	38460.00	602.35	1.361779e+05	5.035571e+00	6.441561e+00	189.36	1.866413e-07	4406	3.167e-02
135kHz_100dA_100Mss_NE5Xd330.txt	19/06/2024 16:53:19	-0.1	210.29	7.14	38460.00	594.03	1.361779e+05	4.972069e+00	6.443952e+00	189.77	1.895090e-07	4406	3.144e-02
135kHz_100dA_100Mss_NE5Xd331.txt	19/06/2024 16:53:20	-0.1	210.07	7.04	38460.00	604.49	1.361779e+05	5.048954e+00	6.440828e+00	188.99	1.857633e-07	4406	3.185e-02
135kHz_100dA_100Mss_NE5Xd332.txt	19/06/2024 16:53:20	-0.1	210.11	7.08	38460.00	599.99	1.362089e+05	5.015831e+00	6.441935e+00	189.11	1.870918e-07	4405	3.174e-02
135kHz_100dA_100Mss_NE5Xd333.txt	19/06/2024 16:53:21	-0.1	209.80	7.10	38460.00	593.38	1.362089e+05	4.973537e+00	6.442473e+00	188.14	1.877353e-07	4405	3.158e-02
135kHz_100dA_100Mss_NE5Xd334.txt	19/06/2024 16:53:21	-0.1	210.71	7.09	38460.00	602.10	1.362089e+05	5.033990e+00	6.441989e+00	189.85	1.871545e-07	4405	3.175e-02
135kHz_100dA_100Mss_NE5Xd335.txt	19/06/2024 16:53:22	-0.1	210.56	7.05	38460.00	601.40	1.361779e+05	5.036702e+00	6.441999e+00	189.92	1.871677e-07	4406	3.182e-02
135kHz_100dA_100Mss_NE5Xd336.txt	19/06/2024 16:53:22	-0.1	210.90	7.07	38460.00	604.54	1.361779e+05	5.055632e+00	6.442102e+00	190.76	1.872922e-07	4406	3.184e-02
135kHz_100dA_100Mss_NE5Xd337.txt	19/06/2024 16:53:23	-0.1	209.88	7.04	38460.00	600.95	1.361779e+05	5.028798e+00	6.441273e+00	188.77	1.862945e-07	4406	3.180e-02
135kHz_100dA_100Mss_NE5Xd338.txt	19/06/2024 16:53:23	-0.1	210.52	7.01	38460.00	608.61	1.362089e+05	5.082310e+00	6.439659e+00	188.89	1.843606e-07	4405	3.199e-02
135kHz_100dA_100Mss_NE5Xd339.txt	19/06/2024 16:53:24	-0.1	210.79	7.07	38460.00	599.59	1.361779e+05	5.020804e+00	6.442805e+00	190.28	1.881317e-07	4406	3.184e-02
135kHz_100dA_100Mss_NE5Xd340.txt	19/06/2024 16:53:24	-0.1	212.57	7.10	38460.00	607.14	1.362089e+05	5.081279e+00	6.443682e+00	193.66	1.891848e-07	4405	3.200e-02
135kHz_100dA_100Mss_NE5Xd341.txt	19/06/2024 16:53:25	-0.1	209.92	7.03	38460.00	601.57	1.361779e+05	5.026620e+00	6.440239e+00	187.46	1.850596e-07	4406	3.192e-02
135kHz_100dA_100Mss_NE5Xd342.txt	19/06/2024 16:53:26	-0.1	210.82	7.03	38460.00	603.76	1.361779e+05	5.050707e+00	6.441473e+00	189.83	1.865397e-07	4406	3.188e-02
135kHz_100dA_100Mss_NE5Xd343.txt	19/06/2024 16:53:26	-0.1	210.18	7.05	38460.00	602.55	1.362089e+05	5.035974e+00	6.441424e+00	189.26	1.864783e-07	4405	3.180e-02
135kHz_100dA_100Mss_NE5Xd344.txt	19/06/2024 16:53:27	-0.1	211.24	7.00	38460.00	609.63	1.361779e+05	5.093607e+00	6.440412e+00	190.17	1.852691e-07	4406	3.209e-02
135kHz_100dA_100Mss_NE5Xd345.txt	19/06/2024 16:53:27	-0.1	211.18	7.04	38460.00	606.89	1.361779e+05	5.073488e+00	6.441947e+00	191.25	1.871054e-07	4406	3.193e-02
135kHz_100dA_100Mss_NE5Xd346.txt	19/06/2024 16:53:28	-0.1	210.52	7.05	38460.00	605.15	1.362089e+05	5.054858e+00	6.441467e+00	190.02	1.865307e-07	4405	3.186e-02
135kHz_100dA_100Mss_NE5Xd347.txt	19/06/2024 16:53:28	-0.1	209.04	7.01	38460.00	603.14	1.361779e+05	5.039911e+00	6.440320e+00	188.05	1.851538e-07	4406	3.175e-02
135kHz_100dA_100Mss_NE5Xd348.txt	19/06/2024 16:53:29	-0.1	209.83	7.02	38460.00	599.43	1.361779e+05	5.015983e+00	6.440698e+00	187.61	1.856089e-07	4406	3.188e-02
135kHz_100dA_100Mss_NE5Xd349.txt	19/06/2024 16:53:29	-0.1	210.72	7.01	38460.00	607.60	1.362089e+05	5.078202e+00	6.440928e+00	190.25	1.858817e-07	4405	3.199e-02
135kHz_100dA_100Mss_NE5Xd350.txt	19/06/2024 16:53:30	-0.1	210.83	6.96	38460.00	614.64	1.361779e+05	5.128966e+00	6.439148e+00	189.96	1.837468e-07	4406	3.226e-02
135kHz_100dA_100Mss_NE5Xd351.txt	19/06/2024 16:53:31	-0.1	210.98	7.02	38460.00	609.59	1.362089e+05	5.094303e+00	6.441215e+00	191.20	1.862220e-07	4405	3.194e-02
135kHz_100dA_100Mss_NE5Xd352.txt	19/06/2024 16:53:31	-0.1	209.30	6.96	38460.00	610.51	1.362089e+05	5.100989e+00	6.438710e+00	188.44	1.832239e-07	4405	3.193e-02
135kHz_100dA_100Mss_NE5Xd353.txt	19/06/2024 16:53:32	-0.1	209.40	6.98	38460.00	605.74	1.361779e+05	5.060852e+00	6.439555e+00	187.92	1.842409e-07	4406	3.188e-02
135kHz_100dA_100Mss_NE5Xd354.txt	19/06/2024 16:53:32	-0.1	210.05	6.97	38460.00	612.83	1.361779e+05	5.116571e+00	6.439791e+00	190.28	1.845236e-07	4406	3.206e-02
135kHz_100dA_100Mss_NE5Xd355.txt	19/06/2024 16:53:33	-0.1	209.31	6.91	38460.00	617.61	1.362089e+05	5.148542e+00	6.436929e+00	188.04	1.810963e-07	4405	3.227e-02
135kHz_100dA_100Mss_NE5Xd356.txt	19/06/2024 16:53:33	-0.1	210.09	7.03	38460.00	608.54	1.362089e+05	5.077419e+00	6.440641e+00	189.88	1.855404e-07	4405	3.190e-02
135kHz_100dA_100Mss_NE5Xd357.txt	19/06/2024 16:53:34	-0.1	209.61	7.00	38460.00	606.60	1.361779e+05	5.067755e+00	6.440074e+00	188.80	1.848604e-07	4406	3.181e-02
135kHz_100dA_100Mss_NE5Xd358.txt	19/06/2024 16:53:34	-0.1	209.57	7.01	38460.00	606.17	1.361779e+05	5.064037e+00	6.440412e+00	189.06	1.852644e-07	4406	3.184e-02
135kHz_100dA_100Mss_NE5Xd359.txt	19/06/2024 16:53:35	-0.2	210.24	6.95	38460.00	610.84	1.361779e+05	5.106601e+00	6.439755e+00	189.86	1.844806e-07	4406	3.211e-02
135kHz_100dA_100Mss_NE5Xd360.txt	19/06/2024 16:53:35	-0.2	211.70	6.99	38460.00	618.70	1.361779e+05	5.166463e+00	6.441296e+00	193.96	1.863216e-07	4406	3.214e-02
135kHz_100dA_100Mss_NE5Xd361.txt	19/06/2024 16:53:36	-0.1	209.67	6.96	38460.00	610.80	1.361779e+05	5.102758e+00	6.439301e+00	189.17	1.839352e-07	4406	3.204e-02
135kHz_100dA_100Mss_NE5Xd362.txt	19/06/2024 16:53:37	-0.2	209.72	6.96	38460.00	612.93	1.362089e+05	5.112309e+00	6.439012e+00	189.22	1.835914e-07	4405	3.200e-02
135kHz_100dA_100Mss_NE5Xd363.txt	19/06/2024 16:53:37	-0.2	211.61	6.97	38460.00	619.04	1.362089e+05	5.165250e+00	6.440405e+00	192.88	1.852586e-07	4405	3.220e-02
135kHz_100dA_100Mss_NE5Xd364.txt	19/06/2024 16:53:38	-0.1	210.15	7.00	38460.00	614.31	1.361779e+05	5.124887e+00	6.440648e+00	191.62	1.855448e-07	4406	3.193e-02
135kHz_100dA_100Mss_NE5Xd365.txt	19/06/2024 16:53:38	-0.1	210.51	6.98	38460.00	618.68	1.361779e+05	5.159125e+00	6.440099e+00	192.23	1.848919e-07	4406	3.207e-02
135kHz_100dA_100Mss_NE5Xd366.txt	19/06/2024 16:53:39	-0.1	210.91	7.00	38460.00	607.96	1.361779e+05	5.085215e+00	6.442164e+00	191.95	1.873644e-07	4406	3.196e-02
135kHz_100dA_100Mss_NE5Xd367.txt	19/06/2024 16:53:39	-0.1	210.25	6.91	38460.00	618.83	1.361779e+05	5.158810e+00	6.438368e+00	190.12	1.828120e-07	4406	3.230e-02
135kHz_100dA_100Mss_NE5Xd368.txt	19/06/2024 16:53:40	-0.1	209.67	6.96	38460.00	611.14	1.362089e+05	5.103063e+00	6.439474e+00	189.44	1.841398e-07	4405	3.194e-02
135kHz_100dA_100Mss_NE5Xd369.txt	19/06/2024 16:53:40	-0.1	209.22	6.96	38460.00	617.47	1.361779e+05	5.144736e+00	6.439609e+00	191.10	1.843040e-07	4406	3.184e-02
135kHz_100dA_100Mss_NE5Xd370.txt	19/06/2024 16:53:41	-0.1	209.21	6.98	38460.00	615.60	1.361779e+05	5.131501e+00	6.440411e+00	191.58	1.852625e-07	4406	3.179e-02
135kHz_100dA_100Mss_NE5Xd371.txt	19/06/2024 16:53:41	-0.1	208.87	6.93	38460.00	614.05	1.361779e+05	5.126177e+00	6.439247e+00	189.98	1.838680e-07	4406	3.203e-02
135kHz_100dA_100Mss_NE5Xd372.txt	19/06/2024 16:53:42	-0.1	208.58	6.94	38460.00	609.90	1.361779e+05	5.093098e+00	6.439674e+00	189.26	1.843815e-07	4406	3.185e-02
135kHz_100dA_100Mss_NE5Xd373.txt	19/06/2024 16:53:43	-0.2	208.75	6.91	38460.00	614.36	1.361779e+05	5.130448e+00	6.438762e+00	189.55	1.832901e-07	4406	3.207e-02
135kHz_100dA_100Mss_NE5Xd374.txt	19/06/2024 16:53:43	-0.2	208.71	6.88	38460.00	620.51	1.361779e+05	5.176286e+00	6.438416e+00	190.82	1.828755e-07	4406	3.212e-02
135kHz_100dA_100Mss_NE5Xd375.txt	19/06/2024 16:53:44	-0.1	207.84	6.83	38460.00	622.42	1.361779e+05	5.187570e+00	6.435975e+00	188.25	1.799575e-07	4406	3.227e-02
135kHz_100dA_100Mss_NE5Xd376.txt	19/06/2024 16:53:44	-0.1	209.15	6.93	38460.00	616.46	1.361779e+05	5.146091e+00	6.439945e+00	191.56	1.847092e-07	4406	3.195e-02
135kHz_100dA_100Mss_NE5Xd377.txt	19/06/2024 16:53:45	-0.1	209.52	6.94	38460.00	619.21	1.362089e+05	5.155646e+00	6.439105e+00	190.94	1.836985e-07	4405	3.205e-02
135kHz_100dA_100Mss_NE5Xd378.txt	19/06/2024 16:53:45	-0.1	207.43	6.94	38460.00	610.32	1.361779e+05	5.087114e+00	6.438779e+00	187.97	1.833112e-07	4406	3.170e-02
135kHz_100dA_100Mss_NE5Xd379.txt	19/06/2024 16:53:46	-0.1	207.50	6.93	38460.00	614.39	1.361779e+05	5.115998e+00	6.438261e+00	188.41	1.826874e-07	4406	3.178e-02
135kHz_100dA_100Mss_NE5Xd380.txt	19/06/2024 16:53:47	-0.1	208.11	6.87	38460.00	615.86	1.361779e+05	5.135749e+00	6.437421e+00	188.12	1.816855e-07	4406	3.215e-02
135kHz_100dA_100Mss_NE5Xd381.txt	19/06/2024 16:53:47	-0.1	206.84	6.88	38460.00	615.49	1.361779e+05	5.128663e+00	6.436828e+00	187.15	1.809728e-07	4406	3.193e-02
135kHz_100dA_100Mss_NE5Xd382.txt	19/06/2024 16:53:48	-0.1	207.70	6.90	38460.00	613.15	1.361779e+05	5.117361e+00	6.438171e+00	188.35	1.825823e-07	4406	3.193e-02
135kHz_100dA_100Mss_NE5Xd383.txt	19/06/2024 16:53:48	-0.1	207.58	6.90	38460.00	615.99	1.362089e+05	5.128217e+00	6.437868e+00	188.43	1.822183e-07	4405	3.185e-02
135kHz_100dA_100Mss_NE5Xd384.txt	19/06/2024 16:53:49	0.0	207.57	6.87	38460.00	622.25	1.361779e+05	5.179573e+00	6.437877e+00	190.28	1.822297e-07	4406	3.198e-02
135kHz_100dA_100Mss_NE5Xd385.txt	19/06/2024 16:53:49	0.0	208.80	6.93	38460.00	613.81	1.362089e+05	5.119075e+00	6.440139e+00	190.83	1.849377e-07	4405	3.190e-02
135kHz_100dA_100Mss_NE5Xd386.txt	19/06/2024 16:53:50	-0.1	207.10	6.91	38460.00	612.46	1.361779e+05	5.106867e+00	6.438591e+00	188.47	1.830863e-07	4406	3.176e-02
135kHz_100dA_100Mss_NE5Xd387.txt	19/06/2024 16:53:50	-0.1	206.83	6.87	38460.00	619.10	1.361779e+05	5.150087e+00	6.437130e+00	188.29	1.813374e-07	4406	3.186e-02
135kHz_100dA_100Mss_NE5Xd388.txt	19/06/2024 16:53:51	-0.1	206.36	6.89	38460.00	613.22	1.361779e+05	5.113076e+00	6.438245e+00	188.28	1.826699e-07	4406	3.182e-02
135kHz_100dA_100Mss_NE5Xd389.txt	19/06/2024 16:53:51	-0.1	206.89	6.84	38460.00	616.51	1.362089e+05	5.137654e+00	6.436558e+00	187.19	1.806541e-07	4405	3.202e-02
135kHz_100dA_100Mss_NE5Xd390.txt	19/06/2024 16:53:52	-0.1	207.48	6.86	38460.00	622.87	1.361779e+05	5.184943e+00	6.437603e+00	190.15	1.819033e-07	4406	3.206e-02
135kHz_100dA_100Mss_NE5Xd391.txt	19/06/2024 16:53:52	-0.1	208.41	6.89	38460.00	618.34	1.362089e+05	5.160826e+00	6.439749e+00	191.91	1.844689e-07	4405	3.198e-02
135kHz_100dA_100Mss_NE5Xd392.txt	19/06/2024 16:53:53	-0.1	207.86	6.92	38460.00	611.02	1.362089e+05	5.103596e+00	6.440083e+00	190.19	1.848703e-07	4405	3.172e-02
135kHz_100dA_100Mss_NE5Xd393.txt	19/06/2024 16:53:53	-0.1	208.12	6.87	38460.00	619.29	1.362089e+05	5.165200e+00	6.438420e+00	190.46	1.828799e-07	4405	3.205e-02
135kHz_100dA_100Mss_NE5Xd394.txt	19/06/2024 16:53:54	-0.1	206.43	6.76	38460.00	625.26	1.362089e+05	5.198354e+00	6.433947e+00	186.20	1.775244e-07	4405	3.221e-02
135kHz_100dA_100Mss_NE5Xd395.txt	19/06/2024 16:53:54	-0.1	207.34	6.85	38460.00	616.54	1.362089e+05	5.140731e+00	6.437509e+00	188.45	1.817844e-07	4405	3.203e-02
135kHz_100dA_100Mss_NE5Xd396.txt	19/06/2024 16:53:55	-0.1	207.76	6.86	38460.00	624.10	1.362089e+05	5.192555e+00	6.437651e+00	190.53	1.819583e-07	4405	3.192e-02
135kHz_100dA_100Mss_NE5Xd397.txt	19/06/2024 16:53:55	-0.1	207.01	6.81	38460.00	624.19	1.361779e+05	5.198350e+00	6.436213e+00	188.94	1.802395e-07	4406	3.216e-02
135kHz_100dA_100Mss_NE5Xd398.txt	19/06/2024 16:53:56	-0.1	206.77	6.78	38460.00	619.35	1.361779e+05	5.161035e+00	6.435356e+00	186.54	1.792162e-07	4406	3.230e-02
135kHz_100dA_100Mss_NE5Xd399.txt	19/06/2024 16:53:57	-0.1	207.21	6.84	38460.00	623.40	1.362089e+05	5.187202e+00	6.436800e+00	189.29	1.809394e-07	4405	3.199e-02
135kHz_100dA_100Mss_NE5Xd400.txt	19/06/2024 16:53:57	-0.1	205.83	6.82	38460.00	618.92	1.361779e+05	5.154517e+00	6.436171e+00	187.29	1.801875e-07	4406	3.189e-02
135kHz_100dA_100Mss_NE5Xd401.txt	19/06/2024 16:53:58	-0.1	205.51	6.78	38460.00	627.56	1.361779e+05	5.209919e+00	6.434118e+00	186.78	1.777358e-07	4406	3.209e-02
135kHz_100dA_100Mss_NE5Xd402.txt	19/06/2024 16:53:58	-0.1	206.23	6.79	38460.00	624.05	1.361779e+05	5.193576e+00	6.435725e+00	188.16	1.796556e-07	4406	3.217e-02
135kHz_100dA_100Mss_NE5Xd403.txt	19/06/2024 16:53:59	-0.1	206.68	6.84	38460.00	618.12	1.361779e+05	5.154672e+00	6.438108e+00	189.65	1.825053e-07	4406	3.187e-02
135kHz_100dA_100Mss_NE5Xd404.txt	19/06/2024 16:53:59	-0.1	206.50	6.81	38460.00	626.41	1.361779e+05	5.207046e+00	6.436306e+00	189.37	1.803495e-07	4406	3.199e-02
135kHz_100dA_100Mss_NE5Xd405.txt	19/06/2024 16:54:00	-0.1	205.55	6.74	38460.00	627.21	1.361779e+05	5.216289e+00	6.434285e+00	187.22	1.779325e-07	4406	3.218e-02
135kHz_100dA_100Mss_NE5Xd406.txt	19/06/2024 16:54:00	-0.1	206.70	6.82	38460.00	621.75	1.361779e+05	5.177092e+00	6.437004e+00	189.13	1.811861e-07	4406	3.202e-02
135kHz_100dA_100Mss_NE5Xd407.txt	19/06/2024 16:54:01	-0.1	205.66	6.75	38460.00	625.96	1.361779e+05	5.204868e+00	6.434511e+00	187.08	1.782026e-07	4406	3.212e-02
135kHz_100dA_100Mss_NE5Xd408.txt	19/06/2024 16:54:01	-0.1	205.96	6.82	38460.00	616.71	1.361779e+05	5.144001e+00	6.437487e+00	188.50	1.817649e-07	4406	3.189e-02
135kHz_100dA_100Mss_NE5Xd409.txt	19/06/2024 16:54:02	-0.1	203.52	6.76	38460.00	616.09	1.361779e+05	5.127589e+00	6.433680e+00	183.30	1.772096e-07	4406	3.179e-02
135kHz_100dA_100Mss_NE5Xd410.txt	19/06/2024 16:54:02	-0.1	204.55	6.77	38460.00	620.22	1.361779e+05	5.157855e+00	6.434835e+00	185.79	1.785899e-07	4406	3.183e-02
135kHz_100dA_100Mss_NE5Xd411.txt	19/06/2024 16:54:03	-0.1	206.47	6.80	38460.00	622.70	1.361779e+05	5.186137e+00	6.436878e+00	189.30	1.810363e-07	4406	3.207e-02
135kHz_100dA_100Mss_NE5Xd412.txt	19/06/2024 16:54:03	-0.1	206.06	6.79	38460.00	621.26	1.361779e+05	5.175509e+00	6.436633e+00	188.62	1.807420e-07	4406	3.203e-02
135kHz_100dA_100Mss_NE5Xd413.txt	19/06/2024 16:54:04	-0.1	205.55	6.78	38460.00	626.43	1.362089e+05	5.209922e+00	6.435110e+00	188.04	1.789155e-07	4405	3.206e-02
135kHz_100dA_100Mss_NE5Xd414.txt	19/06/2024 16:54:04	-0.1	205.90	6.79	38460.00	624.00	1.361779e+05	5.189220e+00	6.435777e+00	188.07	1.797151e-07	4406	3.205e-02
135kHz_100dA_100Mss_NE5Xd415.txt	19/06/2024 16:54:05	0.0	205.05	6.75	38460.00	625.59	1.362089e+05	5.201160e+00	6.434444e+00	186.91	1.781153e-07	4405	3.210e-02
135kHz_100dA_100Mss_NE5Xd416.txt	19/06/2024 16:54:06	-0.1	204.77	6.72	38460.00	627.65	1.362089e+05	5.215830e+00	6.433857e+00	186.72	1.774224e-07	4405	3.216e-02
135kHz_100dA_100Mss_NE5Xd417.txt	19/06/2024 16:54:06	-0.1	204.57	6.71	38460.00	631.10	1.362089e+05	5.241232e+00	6.433427e+00	187.10	1.769088e-07	4405	3.220e-02
135kHz_100dA_100Mss_NE5Xd418.txt	19/06/2024 16:54:07	-0.1	204.56	6.77	38460.00	620.90	1.362089e+05	5.163909e+00	6.435283e+00	186.59	1.791244e-07	4405	3.188e-02
135kHz_100dA_100Mss_NE5Xd419.txt	19/06/2024 16:54:08	-0.1	204.72	6.68	38460.00	629.65	1.361779e+05	5.233961e+00	6.433600e+00	187.01	1.771126e-07	4406	3.229e-02
135kHz_100dA_100Mss_NE5Xd420.txt	19/06/2024 16:54:08	-0.1	204.18	6.67	38460.00	635.30	1.362089e+05	5.268117e+00	6.431808e+00	186.04	1.749697e-07	4405	3.231e-02
135kHz_100dA_100Mss_NE5Xd421.txt	19/06/2024 16:54:09	-0.1	203.58	6.65	38460.00	635.90	1.361779e+05	5.275138e+00	6.431269e+00	185.58	1.743251e-07	4406	3.230e-02
135kHz_100dA_100Mss_NE5Xd422.txt	19/06/2024 16:54:09	-0.1	204.12	6.70	38460.00	625.55	1.362089e+05	5.197434e+00	6.433152e+00	185.19	1.765734e-07	4405	3.215e-02
135kHz_100dA_100Mss_NE5Xd423.txt	19/06/2024 16:54:10	0.0	203.75	6.68	38460.00	624.22	1.361779e+05	5.191379e+00	6.433613e+00	185.50	1.771272e-07	4406	3.211e-02
135kHz_100dA_100Mss_NE5Xd424.txt	19/06/2024 16:54:10	0.0	203.64	6.71	38460.00	618.42	1.361779e+05	5.149682e+00	6.434238e+00	184.77	1.778766e-07	4406	3.198e-02
135kHz_100dA_100Mss_NE5Xd425.txt	19/06/2024 16:54:11	0.0	204.55	6.66	38460.00	631.94	1.361779e+05	5.256233e+00	6.433405e+00	187.56	1.768787e-07	4406	3.230e-02
135kHz_100dA_100Mss_NE5Xd426.txt	19/06/2024 16:54:11	0.0	205.06	6.78	38460.00	621.41	1.362089e+05	5.170697e+00	6.436519e+00	188.35	1.806006e-07	4405	3.186e-02
135kHz_100dA_100Mss_NE5Xd427.txt	19/06/2024 16:54:12	0.0	204.57	6.69	38460.00	630.43	1.361779e+05	5.242730e+00	6.434191e+00	188.05	1.778177e-07	4406	3.210e-02
135kHz_100dA_100Mss_NE5Xd428.txt	19/06/2024 16:54:12	0.0	203.06	6.62	38460.00	635.76	1.361779e+05	5.275464e+00	6.431124e+00	185.41	1.741525e-07	4406	3.236e-02
135kHz_100dA_100Mss_NE5Xd429.txt	19/06/2024 16:54:13	0.1	203.44	6.68	38460.00	628.74	1.361779e+05	5.224334e+00	6.432722e+00	185.58	1.760634e-07	4406	3.204e-02
135kHz_100dA_100Mss_NE5Xd430.txt	19/06/2024 16:54:13	0.1	203.11	6.62	38460.00	634.72	1.362089e+05	5.267007e+00	6.430701e+00	184.63	1.736492e-07	4405	3.223e-02
135kHz_100dA_100Mss_NE5Xd431.txt	19/06/2024 16:54:14	0.1	203.10	6.64	38460.00	627.01	1.361779e+05	5.217294e+00	6.433202e+00	185.92	1.766378e-07	4406	3.214e-02
135kHz_100dA_100Mss_NE5Xd432.txt	19/06/2024 16:54:14	0.1	203.21	6.66	38460.00	626.71	1.361779e+05	5.210441e+00	6.433130e+00	185.59	1.765529e-07	4406	3.206e-02
135kHz_100dA_100Mss_NE5Xd433.txt	19/06/2024 16:54:15	0.3	203.16	6.68	38460.00	628.83	1.361779e+05	5.221336e+00	6.433037e+00	185.86	1.764388e-07	4406	3.205e-02
135kHz_100dA_100Mss_NE5Xd434.txt	19/06/2024 16:54:15	0.3	202.84	6.66	38460.00	629.17	1.361779e+05	5.225432e+00	6.432455e+00	185.29	1.757448e-07	4406	3.204e-02
135kHz_100dA_100Mss_NE5Xd435.txt	19/06/2024 16:54:16	0.4	203.25	6.68	38460.00	627.36	1.361779e+05	5.217640e+00	6.434113e+00	187.05	1.777252e-07	4406	3.202e-02
135kHz_100dA_100Mss_NE5Xd436.txt	19/06/2024 16:54:16	0.4	202.33	6.60	38460.00	635.83	1.362089e+05	5.271923e+00	6.430335e+00	184.35	1.732037e-07	4405	3.223e-02
135kHz_100dA_100Mss_NE5Xd437.txt	19/06/2024 16:54:17	0.5	201.33	6.63	38460.00	626.62	1.361779e+05	5.205761e+00	6.432339e+00	184.45	1.756058e-07	4406	3.191e-02
135kHz_100dA_100Mss_NE5Xd438.txt	19/06/2024 16:54:18	0.6	201.66	6.65	38460.00	630.98	1.361779e+05	5.239041e+00	6.432977e+00	186.42	1.763668e-07	4406	3.186e-02
135kHz_100dA_100Mss_NE5Xd439.txt	19/06/2024 16:54:18	0.6	201.67	6.65	38460.00	625.96	1.361779e+05	5.202373e+00	6.433382e+00	185.61	1.768530e-07	4406	3.186e-02
135kHz_100dA_100Mss_NE5Xd440.txt	19/06/2024 16:54:19	0.7	201.76	6.61	38460.00	628.87	1.361779e+05	5.226519e+00	6.431990e+00	184.76	1.751892e-07	4406	3.206e-02
135kHz_100dA_100Mss_NE5Xd441.txt	19/06/2024 16:54:19	0.7	202.02	6.62	38460.00	630.70	1.361779e+05	5.236978e+00	6.432168e+00	185.35	1.753990e-07	4406	3.210e-02
135kHz_100dA_100Mss_NE5Xd442.txt	19/06/2024 16:54:20	0.7	201.76	6.56	38460.00	636.42	1.361779e+05	5.279183e+00	6.430053e+00	184.21	1.728753e-07	4406	3.233e-02
135kHz_100dA_100Mss_NE5Xd443.txt	19/06/2024 16:54:20	0.7	202.93	6.63	38460.00	634.55	1.361779e+05	5.267442e+00	6.432734e+00	187.13	1.760774e-07	4406	3.222e-02
135kHz_100dA_100Mss_NE5Xd444.txt	19/06/2024 16:54:21	0.9	201.50	6.61	38460.00	626.51	1.361779e+05	5.205495e+00	6.431730e+00	183.69	1.748767e-07	4406	3.206e-02
135kHz_100dA_100Mss_NE5Xd445.txt	19/06/2024 16:54:21	0.9	202.16	6.60	38460.00	636.15	1.361779e+05	5.276604e+00	6.430802e+00	185.05	1.737707e-07	4406	3.224e-02
135kHz_100dA_100Mss_NE5Xd446.txt	19/06/2024 16:54:22	1.5	201.69	6.58	38460.00	630.89	1.361779e+05	5.237425e+00	6.431634e+00	184.70	1.747619e-07	4406	3.210e-02
135kHz_100dA_100Mss_NE5Xd447.txt	19/06/2024 16:54:22	1.5	202.23	6.59	38460.00	634.20	1.361779e+05	5.266295e+00	6.431192e+00	185.17	1.742333e-07	4406	3.228e-02
135kHz_100dA_100Mss_NE5Xd448.txt	19/06/2024 16:54:23	1.5	200.95	6.59	38460.00	627.60	1.361779e+05	5.207544e+00	6.430791e+00	182.61	1.737559e-07	4406	3.212e-02
135kHz_100dA_100Mss_NE5Xd449.txt	19/06/2024 16:54:23	1.5	201.41	6.57	38460.00	627.44	1.361779e+05	5.218819e+00	6.431607e+00	184.01	1.747298e-07	4406	3.221e-02
135kHz_100dA_100Mss_NE5Xd450.txt	19/06/2024 16:54:24	1.7	200.89	6.52	38460.00	636.61	1.361779e+05	5.285086e+00	6.429125e+00	183.26	1.717648e-07	4406	3.241e-02
135kHz_100dA_100Mss_NE5Xd451.txt	19/06/2024 16:54:24	1.7	201.33	6.56	38460.00	634.28	1.361779e+05	5.272867e+00	6.430670e+00	184.75	1.736123e-07	4406	3.222e-02
135kHz_100dA_100Mss_NE5Xd452.txt	19/06/2024 16:54:25	2.7	200.89	6.51	38460.00	638.56	1.362089e+05	5.294844e+00	6.428382e+00	182.71	1.708730e-07	4405	3.245e-02
135kHz_100dA_100Mss_NE5Xd453.txt	19/06/2024 16:54:25	2.7	201.32	6.46	38460.00	645.36	1.362089e+05	5.348097e+00	6.427538e+00	183.48	1.698644e-07	4405	3.275e-02
135kHz_100dA_100Mss_NE5Xd454.txt	19/06/2024 16:54:26	3.5	200.05	6.47	38460.00	636.68	1.361779e+05	5.281743e+00	6.427503e+00	181.12	1.698275e-07	4406	3.247e-02
135kHz_100dA_100Mss_NE5Xd455.txt	19/06/2024 16:54:26	3.5	200.24	6.50	38460.00	633.31	1.361779e+05	5.259911e+00	6.428877e+00	182.08	1.714703e-07	4406	3.246e-02
135kHz_100dA_100Mss_NE5Xd456.txt	19/06/2024 16:54:27	4.3	199.84	6.46	38460.00	639.78	1.361779e+05	5.299777e+00	6.427750e+00	182.05	1.701245e-07	4406	3.236e-02
135kHz_100dA_100Mss_NE5Xd457.txt	19/06/2024 16:54:28	4.8	200.64	6.54	38460.00	632.75	1.361779e+05	5.258613e+00	6.430361e+00	183.87	1.732417e-07	4406	3.225e-02
135kHz_100dA_100Mss_NE5Xd458.txt	19/06/2024 16:54:29	5.4	201.75	6.54	38460.00	637.04	1.362089e+05	5.290465e+00	6.430997e+00	185.82	1.739980e-07	4405	3.230e-02
135kHz_100dA_100Mss_NE5Xd459.txt	19/06/2024 16:54:29	5.4	199.12	6.42	38460.00	643.16	1.362089e+05	5.327125e+00	6.425878e+00	180.67	1.678937e-07	4405	3.254e-02
135kHz_100dA_100Mss_NE5Xd460.txt	19/06/2024 16:54:30	5.7	199.96	6.46	38460.00	638.19	1.361779e+05	5.293881e+00	6.428548e+00	182.84	1.710787e-07	4406	3.250e-02
135kHz_100dA_100Mss_NE5Xd461.txt	19/06/2024 16:54:30	5.7	200.24	6.49	38460.00	633.40	1.361779e+05	5.262820e+00	6.429532e+00	182.99	1.722514e-07	4406	3.234e-02
135kHz_100dA_100Mss_NE5Xd462.txt	19/06/2024 16:54:31	6.1	199.21	6.46	38460.00	632.89	1.362089e+05	5.254925e+00	6.427979e+00	180.83	1.703962e-07	4405	3.236e-02
135kHz_100dA_100Mss_NE5Xd463.txt	19/06/2024 16:54:31	6.1	199.12	6.45	38460.00	638.21	1.362089e+05	5.292064e+00	6.427142e+00	181.06	1.693957e-07	4405	3.244e-02
135kHz_100dA_100Mss_NE5Xd464.txt	19/06/2024 16:54:32	6.6	199.14	6.44	38460.00	638.68	1.361779e+05	5.297021e+00	6.427083e+00	181.12	1.693245e-07	4406	3.246e-02
135kHz_100dA_100Mss_NE5Xd465.txt	19/06/2024 16:54:32	6.6	200.10	6.46	38460.00	641.41	1.362089e+05	5.322678e+00	6.428640e+00	183.99	1.711874e-07	4405	3.245e-02
135kHz_100dA_100Mss_NE5Xd466.txt	19/06/2024 16:54:33	7.0	198.51	6.44	38460.00	634.11	1.361779e+05	5.262071e+00	6.427834e+00	180.85	1.702227e-07	4406	3.236e-02
135kHz_100dA_100Mss_NE5Xd467.txt	19/06/2024 16:54:33	7.0	199.08	6.44	38460.00	638.17	1.361779e+05	5.295662e+00	6.427734e+00	181.88	1.701031e-07	4406	3.246e-02
135kHz_100dA_100Mss_NE5Xd468.txt	19/06/2024 16:54:34	7.4	199.23	6.45	38460.00	638.09	1.361779e+05	5.297144e+00	6.428619e+00	183.04	1.711582e-07	4406	3.245e-02
135kHz_100dA_100Mss_NE5Xd469.txt	19/06/2024 16:54:34	7.4	199.64	6.43	38460.00	642.62	1.362089e+05	5.335038e+00	6.428132e+00	183.78	1.705771e-07	4405	3.251e-02
135kHz_100dA_100Mss_NE5Xd470.txt	19/06/2024 16:54:35	7.8	198.76	6.41	38460.00	641.03	1.361779e+05	5.321462e+00	6.427641e+00	182.65	1.699926e-07	4406	3.248e-02
135kHz_100dA_100Mss_NE5Xd471.txt	19/06/2024 16:54:35	7.8	198.07	6.38	38460.00	642.08	1.362089e+05	5.315615e+00	6.425644e+00	179.99	1.676109e-07	4405	3.266e-02
135kHz_100dA_100Mss_NE5Xd472.txt	19/06/2024 16:54:36	8.1	198.37	6.39	38460.00	642.49	1.361779e+05	5.327358e+00	6.426786e+00	181.78	1.689726e-07	4406	3.250e-02
135kHz_100dA_100Mss_NE5Xd473.txt	19/06/2024 16:54:36	8.1	197.94	6.36	38460.00	643.38	1.362089e+05	5.327564e+00	6.424501e+00	178.96	1.662429e-07	4405	3.278e-02
135kHz_100dA_100Mss_NE5Xd474.txt	19/06/2024 16:54:37	8.6	196.92	6.36	38460.00	639.38	1.362089e+05	5.299617e+00	6.425623e+00	179.42	1.675778e-07	4405	3.249e-02
135kHz_100dA_100Mss_NE5Xd475.txt	19/06/2024 16:54:38	8.9	197.11	6.31	38460.00	651.20	1.362089e+05	5.387714e+00	6.423469e+00	179.66	1.650184e-07	4405	3.281e-02
135kHz_100dA_100Mss_NE5Xd476.txt	19/06/2024 16:54:38	8.9	197.74	6.41	38460.00	632.62	1.361779e+05	5.254914e+00	6.427634e+00	180.36	1.699861e-07	4406	3.229e-02
135kHz_100dA_100Mss_NE5Xd477.txt	19/06/2024 16:54:39	9.4	198.21	6.37	38460.00	646.79	1.362089e+05	5.357549e+00	6.426047e+00	181.92	1.680876e-07	4405	3.255e-02
135kHz_100dA_100Mss_NE5Xd478.txt	19/06/2024 16:54:39	9.4	196.94	6.35	38460.00	645.22	1.361779e+05	5.337054e+00	6.424844e+00	179.67	1.666560e-07	4406	3.249e-02
135kHz_100dA_100Mss_NE5Xd479.txt	19/06/2024 16:54:40	9.7	196.51	6.32	38460.00	645.28	1.361779e+05	5.342297e+00	6.424237e+00	179.08	1.659315e-07	4406	3.257e-02
135kHz_100dA_100Mss_NE5Xd480.txt	19/06/2024 16:54:40	9.7	196.15	6.33	38460.00	640.85	1.361779e+05	5.312520e+00	6.425003e+00	179.04	1.668421e-07	4406	3.243e-02
135kHz_100dA_100Mss_NE5Xd481.txt	19/06/2024 16:54:41	10.0	196.98	6.35	38460.00	640.73	1.361779e+05	5.317748e+00	6.425868e+00	180.30	1.678750e-07	4406	3.248e-02
135kHz_100dA_100Mss_NE5Xd482.txt	19/06/2024 16:54:41	10.0	196.69	6.35	38460.00	639.33	1.361779e+05	5.307898e+00	6.425710e+00	179.77	1.676855e-07	4406	3.244e-02
135kHz_100dA_100Mss_NE5Xd483.txt	19/06/2024 16:54:42	10.2	196.53	6.32	38460.00	643.71	1.361779e+05	5.334019e+00	6.425248e+00	180.07	1.671390e-07	4406	3.247e-02
135kHz_100dA_100Mss_NE5Xd484.txt	19/06/2024 16:54:42	10.2	196.69	6.30	38460.00	646.23	1.362089e+05	5.352045e+00	6.423828e+00	178.93	1.654446e-07	4405	3.270e-02
135kHz_100dA_100Mss_NE5Xd485.txt	19/06/2024 16:54:43	10.2	196.72	6.30	38460.00	649.51	1.361779e+05	5.372486e+00	6.424294e+00	180.16	1.659960e-07	4406	3.259e-02
135kHz_100dA_100Mss_NE5Xd486.txt	19/06/2024 16:54:43	10.2	196.01	6.26	38460.00	647.77	1.362089e+05	5.366372e+00	6.423060e+00	178.43	1.645247e-07	4405	3.284e-02
135kHz_100dA_100Mss_NE5Xd487.txt	19/06/2024 16:54:44	10.8	195.42	6.27	38460.00	645.86	1.361779e+05	5.345163e+00	6.423277e+00	177.96	1.647851e-07	4406	3.257e-02
135kHz_100dA_100Mss_NE5Xd488.txt	19/06/2024 16:54:44	10.8	194.40	6.26	38460.00	641.73	1.362089e+05	5.309907e+00	6.422291e+00	175.59	1.636131e-07	4405	3.254e-02
135kHz_100dA_100Mss_NE5Xd489.txt	19/06/2024 16:54:45	10.8	194.94	6.28	38460.00	647.41	1.362089e+05	5.351725e+00	6.422913e+00	177.76	1.643524e-07	4405	3.244e-02
135kHz_100dA_100Mss_NE5Xd490.txt	19/06/2024 16:54:45	10.8	195.06	6.30	38460.00	639.21	1.361779e+05	5.296836e+00	6.424211e+00	177.52	1.658992e-07	4406	3.245e-02
135kHz_100dA_100Mss_NE5Xd491.txt	19/06/2024 16:54:46	11.3	195.07	6.32	38460.00	637.59	1.361779e+05	5.279270e+00	6.424607e+00	177.43	1.663709e-07	4406	3.235e-02
135kHz_100dA_100Mss_NE5Xd492.txt	19/06/2024 16:54:46	11.3	194.66	6.30	38460.00	636.11	1.361779e+05	5.273490e+00	6.424445e+00	177.03	1.661776e-07	4406	3.232e-02
135kHz_100dA_100Mss_NE5Xd493.txt	19/06/2024 16:54:47	11.3	196.77	6.28	38460.00	646.94	1.362089e+05	5.362106e+00	6.425021e+00	180.77	1.668649e-07	4405	3.273e-02
135kHz_100dA_100Mss_NE5Xd494.txt	19/06/2024 16:54:48	11.6	193.27	6.23	38460.00	643.79	1.361779e+05	5.322373e+00	6.421782e+00	175.32	1.630020e-07	4406	3.254e-02
135kHz_100dA_100Mss_NE5Xd495.txt	19/06/2024 16:54:48	11.6	194.05	6.25	38460.00	642.34	1.362089e+05	5.313314e+00	6.422401e+00	175.84	1.637401e-07	4405	3.253e-02
135kHz_100dA_100Mss_NE5Xd496.txt	19/06/2024 16:54:49	11.8	194.55	6.20	38460.00	653.12	1.362089e+05	5.396626e+00	6.421339e+00	177.24	1.624712e-07	4405	3.279e-02
135kHz_100dA_100Mss_NE5Xd497.txt	19/06/2024 16:54:49	11.8	194.30	6.22	38460.00	649.14	1.362089e+05	5.370737e+00	6.421804e+00	176.98	1.630311e-07	4405	3.270e-02
135kHz_100dA_100Mss_NE5Xd498.txt	19/06/2024 16:54:50	12.1	194.01	6.20	38460.00	650.95	1.361779e+05	5.384598e+00	6.421559e+00	177.09	1.627403e-07	4406	3.273e-02
135kHz_100dA_100Mss_NE5Xd499.txt	19/06/2024 16:54:50	12.1	193.90	6.20	38460.00	650.40	1.362089e+05	5.375914e+00	6.421461e+00	176.72	1.626232e-07	4405	3.269e-02
135kHz_100dA_100Mss_NE5Xd500.txt	19/06/2024 16:54:51	12.3	196.04	6.30	38460.00	645.39	1.361779e+05	5.351214e+00	6.425880e+00	181.45	1.678887e-07	4406	3.258e-02
135kHz_100dA_100Mss_NE5Xd501.txt	19/06/2024 16:54:51	12.3	193.65	6.22	38460.00	644.60	1.361779e+05	5.334930e+00	6.422153e+00	176.20	1.634468e-07	4406	3.252e-02
135kHz_100dA_100Mss_NE5Xd502.txt	19/06/2024 16:54:52	12.5	193.65	6.20	38460.00	646.98	1.362089e+05	5.349864e+00	6.421501e+00	175.91	1.626680e-07	4405	3.262e-02
135kHz_100dA_100Mss_NE5Xd503.txt	19/06/2024 16:54:52	12.5	192.55	6.15	38460.00	647.20	1.362089e+05	5.353277e+00	6.419546e+00	173.55	1.603398e-07	4405	3.280e-02
135kHz_100dA_100Mss_NE5Xd504.txt	19/06/2024 16:54:53	12.7	193.25	6.23	38460.00	641.23	1.361779e+05	5.311722e+00	6.423012e+00	176.52	1.644658e-07	4406	3.245e-02
135kHz_100dA_100Mss_NE5Xd505.txt	19/06/2024 16:54:53	12.7	194.24	6.24	38460.00	643.85	1.361779e+05	5.334336e+00	6.424214e+00	178.78	1.659010e-07	4406	3.249e-02
135kHz_100dA_100Mss_NE5Xd506.txt	19/06/2024 16:54:54	12.9	193.25	6.19	38460.00	645.52	1.361779e+05	5.346529e+00	6.421748e+00	176.08	1.629631e-07	4406	3.273e-02
135kHz_100dA_100Mss_NE5Xd507.txt	19/06/2024 16:54:55	13.3	192.90	6.20	38460.00	644.85	1.362089e+05	5.335623e+00	6.421486e+00	175.43	1.626487e-07	4405	3.258e-02
135kHz_100dA_100Mss_NE5Xd508.txt	19/06/2024 16:54:55	13.3	192.61	6.24	38460.00	636.95	1.361779e+05	5.277505e+00	6.423281e+00	175.71	1.647909e-07	4406	3.223e-02
135kHz_100dA_100Mss_NE5Xd509.txt	19/06/2024 16:54:56	13.3	193.62	6.26	38460.00	635.07	1.361779e+05	5.271132e+00	6.425446e+00	178.20	1.673697e-07	4406	3.232e-02
135kHz_100dA_100Mss_NE5Xd510.txt	19/06/2024 16:54:56	13.3	192.69	6.23	38460.00	640.11	1.362089e+05	5.300019e+00	6.422572e+00	175.62	1.639418e-07	4405	3.233e-02
135kHz_100dA_100Mss_NE5Xd511.txt	19/06/2024 16:54:57	13.7	191.93	6.12	38460.00	649.17	1.361779e+05	5.369514e+00	6.419130e+00	173.51	1.598473e-07	4406	3.278e-02
135kHz_100dA_100Mss_NE5Xd512.txt	19/06/2024 16:54:57	13.7	191.83	6.18	38460.00	641.04	1.362089e+05	5.310542e+00	6.421218e+00	174.27	1.623325e-07	4405	3.247e-02
135kHz_100dA_100Mss_NE5Xd513.txt	19/06/2024 16:54:58	13.9	192.36	6.19	38460.00	644.18	1.362089e+05	5.331406e+00	6.421453e+00	175.25	1.626109e-07	4405	3.252e-02
135kHz_100dA_100Mss_NE5Xd514.txt	19/06/2024 16:54:59	14.1	191.18	6.12	38460.00	649.03	1.362089e+05	5.366467e+00	6.419237e+00	173.59	1.599717e-07	4405	3.266e-02
135kHz_100dA_100Mss_NE5Xd515.txt	19/06/2024 16:54:59	14.1	192.80	6.15	38460.00	647.73	1.362089e+05	5.361190e+00	6.421033e+00	175.69	1.621077e-07	4405	3.281e-02
135kHz_100dA_100Mss_NE5Xd516.txt	19/06/2024 16:55:00	14.2	190.56	6.14	38460.00	639.45	1.362089e+05	5.286799e+00	6.419698e+00	171.59	1.605193e-07	4405	3.246e-02
135kHz_100dA_100Mss_NE5Xd517.txt	19/06/2024 16:55:00	14.2	190.12	6.09	38460.00	649.73	1.361779e+05	5.363748e+00	6.418226e+00	172.18	1.587689e-07	4406	3.269e-02
135kHz_100dA_100Mss_NE5Xd518.txt	19/06/2024 16:55:01	14.3	191.45	6.16	38460.00	639.67	1.361779e+05	5.296933e+00	6.421977e+00	174.73	1.632319e-07	4406	3.243e-02
135kHz_100dA_100Mss_NE5Xd519.txt	19/06/2024 16:55:01	14.3	192.68	6.23	38460.00	640.00	1.362089e+05	5.301240e+00	6.423404e+00	176.70	1.649336e-07	4405	3.227e-02
135kHz_100dA_100Mss_NE5Xd520.txt	19/06/2024 16:55:02	14.6	191.39	6.15	38460.00	647.49	1.361779e+05	5.358735e+00	6.421068e+00	175.62	1.621520e-07	4406	3.255e-02
135kHz_100dA_100Mss_NE5Xd521.txt	19/06/2024 16:55:02	14.6	191.83	6.17	38460.00	645.94	1.361779e+05	5.349229e+00	6.422587e+00	177.23	1.639603e-07	4406	3.242e-02
135kHz_100dA_100Mss_NE5Xd522.txt	19/06/2024 16:55:03	14.7	189.73	6.12	38460.00	643.83	1.362089e+05	5.313584e+00	6.418704e+00	171.21	1.593392e-07	4405	3.235e-02
135kHz_100dA_100Mss_NE5Xd523.txt	19/06/2024 16:55:03	14.7	191.13	6.14	38460.00	645.37	1.361779e+05	5.338616e+00	6.421103e+00	175.00	1.621920e-07	4406	3.253e-02
135kHz_100dA_100Mss_NE5Xd524.txt	19/06/2024 16:55:04	14.9	190.90	6.09	38460.00	651.09	1.362089e+05	5.379686e+00	6.418960e+00	173.66	1.596394e-07	4405	3.279e-02
135kHz_100dA_100Mss_NE5Xd525.txt	19/06/2024 16:55:04	14.9	190.09	6.07	38460.00	651.81	1.362089e+05	5.384127e+00	6.418314e+00	172.99	1.588687e-07	4405	3.276e-02
135kHz_100dA_100Mss_NE5Xd526.txt	19/06/2024 16:55:05	15.1	190.38	6.15	38460.00	640.47	1.362089e+05	5.302071e+00	6.420660e+00	173.29	1.616642e-07	4405	3.242e-02
135kHz_100dA_100Mss_NE5Xd527.txt	19/06/2024 16:55:05	15.1	190.50	6.15	38460.00	641.83	1.362089e+05	5.309014e+00	6.420910e+00	173.83	1.619615e-07	4405	3.241e-02
135kHz_100dA_100Mss_NE5Xd528.txt	19/06/2024 16:55:06	15.2	190.14	6.12	38460.00	643.66	1.362089e+05	5.322108e+00	6.420480e+00	173.72	1.614524e-07	4405	3.237e-02
135kHz_100dA_100Mss_NE5Xd529.txt	19/06/2024 16:55:06	15.2	190.27	6.13	38460.00	642.30	1.362089e+05	5.315858e+00	6.420363e+00	173.37	1.613113e-07	4405	3.242e-02
135kHz_100dA_100Mss_NE5Xd530.txt	19/06/2024 16:55:07	15.4	191.14	6.13	38460.00	652.33	1.362089e+05	5.388158e+00	6.420529e+00	175.94	1.615091e-07	4405	3.251e-02
135kHz_100dA_100Mss_NE5Xd531.txt	19/06/2024 16:55:07	15.4	190.08	6.11	38460.00	643.15	1.362089e+05	5.323213e+00	6.420004e+00	173.16	1.608815e-07	4405	3.247e-02
135kHz_100dA_100Mss_NE5Xd532.txt	19/06/2024 16:55:08	15.5	188.57	6.07	38460.00	639.92	1.361779e+05	5.294799e+00	6.418912e+00	170.83	1.595849e-07	4406	3.249e-02
135kHz_100dA_100Mss_NE5Xd533.txt	19/06/2024 16:55:09	15.6	188.78	6.07	38460.00	647.41	1.362089e+05	5.348990e+00	6.418644e+00	172.27	1.592656e-07	4405	3.247e-02
135kHz_100dA_100Mss_NE5Xd534.txt	19/06/2024 16:55:09	15.6	188.77	6.08	38460.00	646.48	1.362089e+05	5.331863e+00	6.418371e+00	171.38	1.589375e-07	4405	3.247e-02
135kHz_100dA_100Mss_NE5Xd535.txt	19/06/2024 16:55:10	15.8	189.23	6.09	38460.00	643.09	1.362089e+05	5.320062e+00	6.419604e+00	172.55	1.604066e-07	4405	3.243e-02
135kHz_100dA_100Mss_NE5Xd536.txt	19/06/2024 16:55:10	15.8	188.53	6.02	38460.00	651.95	1.361779e+05	5.379771e+00	6.417413e+00	171.66	1.578006e-07	4406	3.273e-02
135kHz_100dA_100Mss_NE5Xd537.txt	19/06/2024 16:55:11	15.9	188.03	6.02	38460.00	651.99	1.361779e+05	5.382099e+00	6.417877e+00	172.33	1.583518e-07	4406	3.258e-02
135kHz_100dA_100Mss_NE5Xd538.txt	19/06/2024 16:55:11	15.9	189.61	6.06	38460.00	652.11	1.362089e+05	5.388774e+00	6.418845e+00	173.81	1.595054e-07	4405	3.269e-02
135kHz_100dA_100Mss_NE5Xd539.txt	19/06/2024 16:55:12	16.1	187.75	6.04	38460.00	646.56	1.362089e+05	5.343311e+00	6.417918e+00	171.18	1.583995e-07	4405	3.240e-02
135kHz_100dA_100Mss_NE5Xd540.txt	19/06/2024 16:55:12	16.1	188.46	6.06	38460.00	642.32	1.361779e+05	5.315893e+00	6.419602e+00	172.37	1.604066e-07	4406	3.248e-02
135kHz_100dA_100Mss_NE5Xd541.txt	19/06/2024 16:55:13	16.2	187.00	5.98	38460.00	652.89	1.362089e+05	5.384308e+00	6.415721e+00	169.69	1.557854e-07	4405	3.261e-02
135kHz_100dA_100Mss_NE5Xd542.txt	19/06/2024 16:55:13	16.2	188.11	6.00	38460.00	652.70	1.362089e+05	5.388281e+00	6.417212e+00	171.72	1.575563e-07	4405	3.274e-02
135kHz_100dA_100Mss_NE5Xd543.txt	19/06/2024 16:55:14	16.3	187.47	6.04	38460.00	639.56	1.362089e+05	5.291160e+00	6.418747e+00	170.54	1.593807e-07	4405	3.233e-02
135kHz_100dA_100Mss_NE5Xd544.txt	19/06/2024 16:55:14	16.3	186.39	6.00	38460.00	642.05	1.362089e+05	5.306617e+00	6.416663e+00	168.43	1.569036e-07	4405	3.243e-02
135kHz_100dA_100Mss_NE5Xd545.txt	19/06/2024 16:55:15	16.5	187.96	6.00	38460.00	649.41	1.362089e+05	5.363933e+00	6.417459e+00	171.25	1.578522e-07	4405	3.263e-02
135kHz_100dA_100Mss_NE5Xd546.txt	19/06/2024 16:55:15	16.5	187.16	6.00	38460.00	647.10	1.361779e+05	5.346394e+00	6.417433e+00	170.62	1.578215e-07	4406	3.253e-02
135kHz_100dA_100Mss_NE5Xd547.txt	19/06/2024 16:55:16	16.6	187.13	6.01	38460.00	646.89	1.362089e+05	5.339902e+00	6.417199e+00	170.16	1.575402e-07	4405	3.252e-02
135kHz_100dA_100Mss_NE5Xd548.txt	19/06/2024 16:55:16	16.6	187.43	6.03	38460.00	642.63	1.362089e+05	5.311778e+00	6.418523e+00	170.92	1.591151e-07	4405	3.247e-02
135kHz_100dA_100Mss_NE5Xd549.txt	19/06/2024 16:55:17	16.7	186.73	5.99	38460.00	641.75	1.362089e+05	5.305972e+00	6.417114e+00	168.97	1.574396e-07	4405	3.261e-02
135kHz_100dA_100Mss_NE5Xd550.txt	19/06/2024 16:55:17	16.7	186.30	6.05	38460.00	630.03	1.362089e+05	5.215735e+00	6.419220e+00	168.69	1.599461e-07	4405	3.210e-02
135kHz_100dA_100Mss_NE5Xd551.txt	19/06/2024 16:55:18	16.8	186.40	6.07	38460.00	630.15	1.362089e+05	5.214705e+00	6.419705e+00	169.26	1.605218e-07	4405	3.208e-02
135kHz_100dA_100Mss_NE5Xd552.txt	19/06/2024 16:55:19	16.9	186.02	6.08	38460.00	623.11	1.362089e+05	5.166742e+00	6.419943e+00	167.99	1.608063e-07	4405	3.189e-02
135kHz_100dA_100Mss_NE5Xd553.txt	19/06/2024 16:55:19	16.9	185.82	6.07	38460.00	624.32	1.362089e+05	5.174627e+00	6.420154e+00	168.51	1.610568e-07	4405	3.197e-02
135kHz_100dA_100Mss_NE5Xd554.txt	19/06/2024 16:55:20	17.1	184.99	5.99	38460.00	632.93	1.362089e+05	5.235279e+00	6.416889e+00	166.44	1.571655e-07	4405	3.225e-02
135kHz_100dA_100Mss_NE5Xd555.txt	19/06/2024 16:55:20	17.1	186.21	6.02	38460.00	635.77	1.362089e+05	5.261767e+00	6.418587e+00	169.40	1.591859e-07	4405	3.233e-02
135kHz_100dA_100Mss_NE5Xd556.txt	19/06/2024 16:55:21	17.2	185.26	5.99	38460.00	635.02	1.362089e+05	5.254005e+00	6.417979e+00	168.39	1.584639e-07	4405	3.224e-02
135kHz_100dA_100Mss_NE5Xd557.txt	19/06/2024 16:55:21	17.2	183.76	6.02	38460.00	622.61	1.362089e+05	5.157917e+00	6.418211e+00	165.59	1.587438e-07	4405	3.185e-02
135kHz_100dA_100Mss_NE5Xd558.txt	19/06/2024 16:55:22	17.3	184.43	6.00	38460.00	628.83	1.362089e+05	5.206777e+00	6.417876e+00	166.75	1.583456e-07	4405	3.203e-02
135kHz_100dA_100Mss_NE5Xd559.txt	19/06/2024 16:55:22	17.3	184.51	6.02	38460.00	625.67	1.362089e+05	5.175069e+00	6.418139e+00	166.06	1.586560e-07	4405	3.195e-02
135kHz_100dA_100Mss_NE5Xd560.txt	19/06/2024 16:55:23	17.4	184.13	6.00	38460.00	627.38	1.362089e+05	5.187423e+00	6.417367e+00	165.51	1.577376e-07	4405	3.201e-02
135kHz_100dA_100Mss_NE5Xd561.txt	19/06/2024 16:55:23	17.4	183.71	5.99	38460.00	625.60	1.362089e+05	5.175712e+00	6.417296e+00	165.05	1.576534e-07	4405	3.204e-02
135kHz_100dA_100Mss_NE5Xd562.txt	19/06/2024 16:55:24	17.6	183.25	6.00	38460.00	619.26	1.362089e+05	5.133001e+00	6.418066e+00	164.62	1.585662e-07	4405	3.188e-02
135kHz_100dA_100Mss_NE5Xd563.txt	19/06/2024 16:55:24	17.6	184.08	6.04	38460.00	619.25	1.362089e+05	5.131406e+00	6.419509e+00	166.32	1.602868e-07	4405	3.182e-02
135kHz_100dA_100Mss_NE5Xd564.txt	19/06/2024 16:55:25	17.7	183.61	6.01	38460.00	622.29	1.362089e+05	5.152464e+00	6.417875e+00	165.01	1.583401e-07	4405	3.182e-02
135kHz_100dA_100Mss_NE5Xd565.txt	19/06/2024 16:55:25	17.7	184.21	5.99	38460.00	623.86	1.362089e+05	5.169282e+00	6.418401e+00	166.19	1.589682e-07	4405	3.213e-02
135kHz_100dA_100Mss_NE5Xd566.txt	19/06/2024 16:55:26	17.8	182.41	5.96	38460.00	624.60	1.362089e+05	5.167523e+00	6.416249e+00	163.50	1.564090e-07	4405	3.190e-02
135kHz_100dA_100Mss_NE5Xd567.txt	19/06/2024 16:55:26	17.8	182.13	5.99	38460.00	616.31	1.362089e+05	5.105338e+00	6.417515e+00	163.07	1.579120e-07	4405	3.176e-02
135kHz_100dA_100Mss_NE5Xd568.txt	19/06/2024 16:55:27	17.9	183.63	6.04	38460.00	616.35	1.362089e+05	5.113390e+00	6.419824e+00	166.11	1.606626e-07	4405	3.175e-02
135kHz_100dA_100Mss_NE5Xd569.txt	19/06/2024 16:55:28	18.1	182.88	6.01	38460.00	619.28	1.361779e+05	5.132030e+00	6.418383e+00	164.93	1.589470e-07	4406	3.176e-02
135kHz_100dA_100Mss_NE5Xd570.txt	19/06/2024 16:55:29	18.1	181.77	5.98	38460.00	613.46	1.362089e+05	5.084537e+00	6.417478e+00	162.36	1.578690e-07	4405	3.171e-02
135kHz_100dA_100Mss_NE5Xd571.txt	19/06/2024 16:55:29	18.1	182.90	6.02	38460.00	613.51	1.362089e+05	5.088445e+00	6.419301e+00	164.67	1.600364e-07	4405	3.171e-02
135kHz_100dA_100Mss_NE5Xd572.txt	19/06/2024 16:55:30	18.3	182.38	6.01	38460.00	612.32	1.361779e+05	5.084947e+00	6.419415e+00	164.66	1.601728e-07	4406	3.170e-02
135kHz_100dA_100Mss_NE5Xd573.txt	19/06/2024 16:55:30	18.3	182.28	6.03	38460.00	609.72	1.362089e+05	5.059570e+00	6.420244e+00	164.87	1.611592e-07	4405	3.146e-02
135kHz_100dA_100Mss_NE5Xd574.txt	19/06/2024 16:55:31	18.4	181.15	5.97	38460.00	612.03	1.362089e+05	5.074472e+00	6.417674e+00	162.27	1.581011e-07	4405	3.168e-02
135kHz_100dA_100Mss_NE5Xd575.txt	19/06/2024 16:55:31	18.4	182.21	6.00	38460.00	609.85	1.362089e+05	5.060360e+00	6.419112e+00	163.54	1.598116e-07	4405	3.168e-02
135kHz_100dA_100Mss_NE5Xd576.txt	19/06/2024 16:55:32	18.5	182.14	6.02	38460.00	610.83	1.362089e+05	5.062101e+00	6.419293e+00	163.81	1.600279e-07	4405	3.155e-02
135kHz_100dA_100Mss_NE5Xd577.txt	19/06/2024 16:55:32	18.5	181.34	6.00	38460.00	611.49	1.362089e+05	5.065468e+00	6.418802e+00	163.33	1.594465e-07	4405	3.148e-02
135kHz_100dA_100Mss_NE5Xd578.txt	19/06/2024 16:55:33	18.5	181.27	6.01	38460.00	610.44	1.362089e+05	5.059071e+00	6.418582e+00	162.86	1.591828e-07	4405	3.145e-02
135kHz_100dA_100Mss_NE5Xd579.txt	19/06/2024 16:55:33	18.5	181.46	5.99	38460.00	610.36	1.362089e+05	5.061486e+00	6.418511e+00	162.86	1.590951e-07	4405	3.159e-02
135kHz_100dA_100Mss_NE5Xd580.txt	19/06/2024 16:55:34	18.6	181.01	5.90	38460.00	620.94	1.362089e+05	5.145477e+00	6.416146e+00	162.68	1.562796e-07	4405	3.197e-02
135kHz_100dA_100Mss_NE5Xd581.txt	19/06/2024 16:55:34	18.6	180.76	5.93	38460.00	618.80	1.362089e+05	5.122375e+00	6.416523e+00	162.41	1.567301e-07	4405	3.179e-02
135kHz_100dA_100Mss_NE5Xd582.txt	19/06/2024 16:55:35	18.8	180.04	5.97	38460.00	607.66	1.362089e+05	5.037017e+00	6.417393e+00	160.74	1.577661e-07	4405	3.139e-02
135kHz_100dA_100Mss_NE5Xd583.txt	19/06/2024 16:55:35	18.8	179.97	5.96	38460.00	608.32	1.362089e+05	5.044339e+00	6.417814e+00	161.47	1.582657e-07	4405	3.143e-02
135kHz_100dA_100Mss_NE5Xd584.txt	19/06/2024 16:55:36	18.9	181.78	6.05	38460.00	607.28	1.362089e+05	5.034667e+00	6.420583e+00	164.46	1.615637e-07	4405	3.138e-02
135kHz_100dA_100Mss_NE5Xd585.txt	19/06/2024 16:55:36	18.9	179.59	5.96	38460.00	607.67	1.361779e+05	5.041877e+00	6.417523e+00	161.01	1.579199e-07	4406	3.149e-02
135kHz_100dA_100Mss_NE5Xd586.txt	19/06/2024 16:55:37	19.1	180.62	5.96	38460.00	610.81	1.362089e+05	5.065863e+00	6.418061e+00	162.46	1.585631e-07	4405	3.155e-02
135kHz_100dA_100Mss_NE5Xd587.txt	19/06/2024 16:55:37	19.1	179.42	5.91	38460.00	614.13	1.362089e+05	5.085916e+00	6.416103e+00	160.75	1.562287e-07	4405	3.164e-02
135kHz_100dA_100Mss_NE5Xd588.txt	19/06/2024 16:55:38	19.1	180.53	5.93	38460.00	613.54	1.362089e+05	5.086325e+00	6.417435e+00	162.36	1.578123e-07	4405	3.181e-02
135kHz_100dA_100Mss_NE5Xd589.txt	19/06/2024 16:55:39	19.2	179.09	5.94	38460.00	606.73	1.362089e+05	5.032274e+00	6.417231e+00	160.39	1.575738e-07	4405	3.143e-02
135kHz_100dA_100Mss_NE5Xd590.txt	19/06/2024 16:55:39	19.2	178.98	5.93	38460.00	606.62	1.361779e+05	5.030128e+00	6.416856e+00	159.84	1.571288e-07	4406	3.148e-02
135kHz_100dA_100Mss_NE5Xd591.txt	19/06/2024 16:55:40	19.3	178.61	5.94	38460.00	599.52	1.362089e+05	4.977668e+00	6.417718e+00	159.23	1.581529e-07	4405	3.130e-02
135kHz_100dA_100Mss_NE5Xd592.txt	19/06/2024 16:55:40	19.3	178.89	5.92	38460.00	612.03	1.362089e+05	5.065822e+00	6.416701e+00	160.83	1.569385e-07	4405	3.144e-02
135kHz_100dA_100Mss_NE5Xd593.txt	19/06/2024 16:55:41	19.4	179.21	5.93	38460.00	609.57	1.362089e+05	5.049697e+00	6.417362e+00	161.11	1.577289e-07	4405	3.156e-02
135kHz_100dA_100Mss_NE5Xd594.txt	19/06/2024 16:55:41	19.4	178.41	5.93	38460.00	607.06	1.362089e+05	5.031713e+00	6.417022e+00	160.13	1.573264e-07	4405	3.133e-02
135kHz_100dA_100Mss_NE5Xd595.txt	19/06/2024 16:55:42	19.5	179.41	5.91	38460.00	612.62	1.362089e+05	5.076350e+00	6.416898e+00	161.40	1.571776e-07	4405	3.161e-02
135kHz_100dA_100Mss_NE5Xd596.txt	19/06/2024 16:55:42	19.5	178.33	5.93	38460.00	609.68	1.362089e+05	5.044353e+00	6.416638e+00	160.07	1.568684e-07	4405	3.136e-02
135kHz_100dA_100Mss_NE5Xd597.txt	19/06/2024 16:55:43	19.6	178.43	5.90	38460.00	613.35	1.362089e+05	5.075841e+00	6.415732e+00	159.98	1.557899e-07	4405	3.161e-02
135kHz_100dA_100Mss_NE5Xd598.txt	19/06/2024 16:55:43	19.6	178.43	5.92	38460.00	612.31	1.362089e+05	5.069905e+00	6.416993e+00	161.31	1.572892e-07	4405	3.137e-02
135kHz_100dA_100Mss_NE5Xd599.txt	19/06/2024 16:55:44	19.7	177.35	5.88	38460.00	606.30	1.362089e+05	5.025592e+00	6.415818e+00	158.50	1.558898e-07	4405	3.140e-02
135kHz_100dA_100Mss_NE5Xd600.txt	19/06/2024 16:55:44	19.7	176.68	5.85	38460.00	606.98	1.362089e+05	5.026861e+00	6.414520e+00	157.00	1.543472e-07	4405	3.146e-02
135kHz_100dA_100Mss_NE5Xd601.txt	19/06/2024 16:55:45	19.8	177.72	5.90	38460.00	602.15	1.362089e+05	4.998785e+00	6.417090e+00	159.16	1.574044e-07	4405	3.137e-02
135kHz_100dA_100Mss_NE5Xd602.txt	19/06/2024 16:55:45	19.8	177.74	5.89	38460.00	605.55	1.362089e+05	5.021631e+00	6.416134e+00	158.75	1.562702e-07	4405	3.140e-02
135kHz_100dA_100Mss_NE5Xd603.txt	19/06/2024 16:55:46	19.8	176.77	5.90	38460.00	599.05	1.361779e+05	4.971335e+00	6.416699e+00	157.79	1.569422e-07	4406	3.118e-02
135kHz_100dA_100Mss_NE5Xd604.txt	19/06/2024 16:55:46	19.8	176.93	5.89	38460.00	603.52	1.362089e+05	5.006610e+00	6.416304e+00	158.48	1.564723e-07	4405	3.127e-02
135kHz_100dA_100Mss_NE5Xd605.txt	19/06/2024 16:55:47	20.0	176.88	5.92	38460.00	603.93	1.361779e+05	5.005014e+00	6.417393e+00	159.68	1.577663e-07	4406	3.117e-02
135kHz_100dA_100Mss_NE5Xd606.txt	19/06/2024 16:55:47	20.0	176.91	5.90	38460.00	603.92	1.362089e+05	5.004785e+00	6.416725e+00	158.92	1.569729e-07	4405	3.123e-02
135kHz_100dA_100Mss_NE5Xd607.txt	19/06/2024 16:55:48	20.1	177.03	5.86	38460.00	610.13	1.362089e+05	5.047471e+00	6.415343e+00	158.63	1.553279e-07	4405	3.143e-02
135kHz_100dA_100Mss_NE5Xd608.txt	19/06/2024 16:55:49	20.1	176.69	5.87	38460.00	603.46	1.361779e+05	5.003250e+00	6.415554e+00	157.45	1.555781e-07	4406	3.131e-02
