# Temperatura_=_1.209818731117825
# Concentracion g/m^3_=_11700.0
# C_Vs_to_Am_M_A/Vsm_=_254322799225.57578
# pendiente_HvsI_1/m_=_3716.3
# ordenada_HvsI_A/m_=_1297.0
# frecuencia_Hz_=_136206.02379538288
# Promedio de 662 ciclos

Tiempo_(s)	Campo_(V.s)	Magnetizacion_(V.s)	Campo_(kA/m)	Magnetizacion_(A/m)
0.000000e+00	-7.074764e-09	-2.272563e-09	-3.837894e+01	-5.771992e+02
1.000000e-08	-7.074960e-09	-2.273459e-09	-3.838000e+01	-5.772952e+02
2.000000e-08	-7.074798e-09	-2.274456e-09	-3.837913e+01	-5.773795e+02
3.000000e-08	-7.074123e-09	-2.275521e-09	-3.837546e+01	-5.774493e+02
4.000000e-08	-7.072754e-09	-2.275991e-09	-3.836804e+01	-5.775013e+02
5.000000e-08	-7.070608e-09	-2.275678e-09	-3.835640e+01	-5.775325e+02
6.000000e-08	-7.067763e-09	-2.275066e-09	-3.834096e+01	-5.775404e+02
7.000000e-08	-7.064393e-09	-2.272790e-09	-3.832268e+01	-5.775227e+02
8.000000e-08	-7.060613e-09	-2.267910e-09	-3.830218e+01	-5.774787e+02
9.000000e-08	-7.056308e-09	-2.273960e-09	-3.827882e+01	-5.774085e+02
1.000000e-07	-7.051269e-09	-2.296782e-09	-3.825149e+01	-5.773135e+02
1.100000e-07	-7.045556e-09	-2.293791e-09	-3.822050e+01	-5.771961e+02
1.200000e-07	-7.039511e-09	-2.245930e-09	-3.818770e+01	-5.770599e+02
1.300000e-07	-7.033288e-09	-2.242153e-09	-3.815395e+01	-5.769092e+02
1.400000e-07	-7.026649e-09	-2.305444e-09	-3.811793e+01	-5.767486e+02
1.500000e-07	-7.019424e-09	-2.312795e-09	-3.807873e+01	-5.765828e+02
1.600000e-07	-7.011772e-09	-2.239728e-09	-3.803722e+01	-5.764161e+02
1.700000e-07	-7.003796e-09	-2.230892e-09	-3.799396e+01	-5.762523e+02
1.800000e-07	-6.995258e-09	-2.309179e-09	-3.794764e+01	-5.760941e+02
1.900000e-07	-6.985942e-09	-2.311895e-09	-3.789710e+01	-5.759431e+02
2.000000e-07	-6.976005e-09	-2.230161e-09	-3.784320e+01	-5.757998e+02
2.100000e-07	-6.965653e-09	-2.232974e-09	-3.778704e+01	-5.756633e+02
2.200000e-07	-6.954753e-09	-2.309767e-09	-3.772791e+01	-5.755318e+02
2.300000e-07	-6.943153e-09	-2.289980e-09	-3.766498e+01	-5.754029e+02
2.400000e-07	-6.930979e-09	-2.218060e-09	-3.759894e+01	-5.752733e+02
2.500000e-07	-6.918297e-09	-2.253280e-09	-3.753015e+01	-5.751398e+02
2.600000e-07	-6.905007e-09	-2.311539e-09	-3.745805e+01	-5.749993e+02
2.700000e-07	-6.891103e-09	-2.262425e-09	-3.738263e+01	-5.748492e+02
2.800000e-07	-6.876586e-09	-2.230470e-09	-3.730388e+01	-5.746877e+02
2.900000e-07	-6.861319e-09	-2.287138e-09	-3.722106e+01	-5.745136e+02
3.000000e-07	-6.845291e-09	-2.282004e-09	-3.713410e+01	-5.743268e+02
3.100000e-07	-6.828723e-09	-2.223919e-09	-3.704423e+01	-5.741279e+02
3.200000e-07	-6.811775e-09	-2.260493e-09	-3.695229e+01	-5.739180e+02
3.300000e-07	-6.794427e-09	-2.303621e-09	-3.685818e+01	-5.736988e+02
3.400000e-07	-6.776674e-09	-2.242547e-09	-3.676188e+01	-5.734717e+02
3.500000e-07	-6.758508e-09	-2.221357e-09	-3.666333e+01	-5.732380e+02
3.600000e-07	-6.739841e-09	-2.289171e-09	-3.656206e+01	-5.729983e+02
3.700000e-07	-6.720653e-09	-2.278644e-09	-3.645797e+01	-5.727520e+02
3.800000e-07	-6.701058e-09	-2.213180e-09	-3.635168e+01	-5.724976e+02
3.900000e-07	-6.681118e-09	-2.248180e-09	-3.624351e+01	-5.722324e+02
4.000000e-07	-6.660762e-09	-2.292802e-09	-3.613308e+01	-5.719523e+02
4.100000e-07	-6.639930e-09	-2.241910e-09	-3.602007e+01	-5.716523e+02
4.200000e-07	-6.618626e-09	-2.226983e-09	-3.590450e+01	-5.713266e+02
4.300000e-07	-6.596860e-09	-2.270535e-09	-3.578643e+01	-5.709692e+02
4.400000e-07	-6.574649e-09	-2.245281e-09	-3.566593e+01	-5.705737e+02
4.500000e-07	-6.551987e-09	-2.213757e-09	-3.554300e+01	-5.701346e+02
4.600000e-07	-6.528870e-09	-2.252960e-09	-3.541759e+01	-5.696471e+02
4.700000e-07	-6.505368e-09	-2.255209e-09	-3.529010e+01	-5.691077e+02
4.800000e-07	-6.481551e-09	-2.213529e-09	-3.516090e+01	-5.685145e+02
4.900000e-07	-6.457351e-09	-2.229411e-09	-3.502962e+01	-5.678673e+02
5.000000e-07	-6.432615e-09	-2.248937e-09	-3.489543e+01	-5.671676e+02
5.100000e-07	-6.407199e-09	-2.217214e-09	-3.475756e+01	-5.664184e+02
5.200000e-07	-6.381029e-09	-2.210846e-09	-3.461559e+01	-5.656242e+02
5.300000e-07	-6.354170e-09	-2.228836e-09	-3.446989e+01	-5.647906e+02
5.400000e-07	-6.326798e-09	-2.212512e-09	-3.432140e+01	-5.639236e+02
5.500000e-07	-6.299077e-09	-2.203071e-09	-3.417102e+01	-5.630293e+02
5.600000e-07	-6.271052e-09	-2.218390e-09	-3.401899e+01	-5.621137e+02
5.700000e-07	-6.242657e-09	-2.210113e-09	-3.386495e+01	-5.611820e+02
5.800000e-07	-6.213826e-09	-2.194970e-09	-3.370855e+01	-5.602381e+02
5.900000e-07	-6.184563e-09	-2.199800e-09	-3.354981e+01	-5.592848e+02
6.000000e-07	-6.154905e-09	-2.195327e-09	-3.338892e+01	-5.583235e+02
6.100000e-07	-6.124854e-09	-2.185028e-09	-3.322590e+01	-5.573542e+02
6.200000e-07	-6.094366e-09	-2.188921e-09	-3.306051e+01	-5.563756e+02
6.300000e-07	-6.063433e-09	-2.185409e-09	-3.289271e+01	-5.553855e+02
6.400000e-07	-6.032118e-09	-2.174260e-09	-3.272283e+01	-5.543810e+02
6.500000e-07	-6.000505e-09	-2.175404e-09	-3.255133e+01	-5.533590e+02
6.600000e-07	-5.968608e-09	-2.174941e-09	-3.237830e+01	-5.523164e+02
6.700000e-07	-5.936312e-09	-2.164692e-09	-3.220310e+01	-5.512506e+02
6.800000e-07	-5.903438e-09	-2.159989e-09	-3.202477e+01	-5.501596e+02
6.900000e-07	-5.869882e-09	-2.157625e-09	-3.184274e+01	-5.490424e+02
7.000000e-07	-5.835654e-09	-2.151910e-09	-3.165706e+01	-5.478989e+02
7.100000e-07	-5.800842e-09	-2.149694e-09	-3.146822e+01	-5.467301e+02
7.200000e-07	-5.765581e-09	-2.146786e-09	-3.127693e+01	-5.455377e+02
7.300000e-07	-5.730004e-09	-2.137830e-09	-3.108394e+01	-5.443240e+02
7.400000e-07	-5.694175e-09	-2.131713e-09	-3.088957e+01	-5.430917e+02
7.500000e-07	-5.658058e-09	-2.130189e-09	-3.069364e+01	-5.418435e+02
7.600000e-07	-5.621574e-09	-2.126418e-09	-3.049572e+01	-5.405818e+02
7.700000e-07	-5.584657e-09	-2.119979e-09	-3.029546e+01	-5.393084e+02
7.800000e-07	-5.547295e-09	-2.114349e-09	-3.009278e+01	-5.380244e+02
7.900000e-07	-5.509526e-09	-2.110160e-09	-2.988789e+01	-5.367299e+02
8.000000e-07	-5.471371e-09	-2.105851e-09	-2.968091e+01	-5.354241e+02
8.100000e-07	-5.432803e-09	-2.099902e-09	-2.947168e+01	-5.341050e+02
8.200000e-07	-5.393811e-09	-2.093501e-09	-2.926016e+01	-5.327703e+02
8.300000e-07	-5.354472e-09	-2.087682e-09	-2.904676e+01	-5.314167e+02
8.400000e-07	-5.314890e-09	-2.082592e-09	-2.883203e+01	-5.300408e+02
8.500000e-07	-5.275092e-09	-2.079153e-09	-2.861614e+01	-5.286391e+02
8.600000e-07	-5.235011e-09	-2.075425e-09	-2.839871e+01	-5.272085e+02
8.700000e-07	-5.194532e-09	-2.068045e-09	-2.817912e+01	-5.257462e+02
8.800000e-07	-5.153543e-09	-2.059825e-09	-2.795677e+01	-5.242502e+02
8.900000e-07	-5.112015e-09	-2.054840e-09	-2.773149e+01	-5.227195e+02
9.000000e-07	-5.069972e-09	-2.050089e-09	-2.750341e+01	-5.211537e+02
9.100000e-07	-5.027418e-09	-2.042947e-09	-2.727257e+01	-5.195535e+02
9.200000e-07	-4.984373e-09	-2.035830e-09	-2.703906e+01	-5.179200e+02
9.300000e-07	-4.940923e-09	-2.029961e-09	-2.680335e+01	-5.162551e+02
9.400000e-07	-4.897187e-09	-2.023956e-09	-2.656609e+01	-5.145609e+02
9.500000e-07	-4.853211e-09	-2.017737e-09	-2.632753e+01	-5.128396e+02
9.600000e-07	-4.808956e-09	-2.010882e-09	-2.608746e+01	-5.110930e+02
9.700000e-07	-4.764370e-09	-2.002764e-09	-2.584559e+01	-5.093227e+02
9.800000e-07	-4.719433e-09	-1.994745e-09	-2.560182e+01	-5.075298e+02
9.900000e-07	-4.674159e-09	-1.988580e-09	-2.535622e+01	-5.057146e+02
1.000000e-06	-4.628583e-09	-1.982812e-09	-2.510898e+01	-5.038768e+02
1.010000e-06	-4.582718e-09	-1.975352e-09	-2.486017e+01	-5.020154e+02
1.020000e-06	-4.536541e-09	-1.967119e-09	-2.460967e+01	-5.001290e+02
1.030000e-06	-4.490021e-09	-1.960015e-09	-2.435731e+01	-4.982157e+02
1.040000e-06	-4.443166e-09	-1.953382e-09	-2.410314e+01	-4.962736e+02
1.050000e-06	-4.396013e-09	-1.946053e-09	-2.384734e+01	-4.943007e+02
1.060000e-06	-4.348588e-09	-1.937597e-09	-2.359007e+01	-4.922951e+02
1.070000e-06	-4.300900e-09	-1.928313e-09	-2.333137e+01	-4.902556e+02
1.080000e-06	-4.252954e-09	-1.919814e-09	-2.307128e+01	-4.881811e+02
1.090000e-06	-4.204725e-09	-1.912806e-09	-2.280965e+01	-4.860714e+02
1.100000e-06	-4.156146e-09	-1.905356e-09	-2.254612e+01	-4.839264e+02
1.110000e-06	-4.107150e-09	-1.896106e-09	-2.228033e+01	-4.817469e+02
1.120000e-06	-4.057704e-09	-1.886206e-09	-2.201210e+01	-4.795339e+02
1.130000e-06	-4.007799e-09	-1.877356e-09	-2.174137e+01	-4.772886e+02
1.140000e-06	-3.957452e-09	-1.869447e-09	-2.146826e+01	-4.750123e+02
1.150000e-06	-3.906694e-09	-1.860971e-09	-2.119291e+01	-4.727062e+02
1.160000e-06	-3.855571e-09	-1.851493e-09	-2.091558e+01	-4.703712e+02
1.170000e-06	-3.804137e-09	-1.841966e-09	-2.063656e+01	-4.680079e+02
1.180000e-06	-3.752426e-09	-1.832903e-09	-2.035604e+01	-4.656164e+02
1.190000e-06	-3.700438e-09	-1.823739e-09	-2.007402e+01	-4.631964e+02
1.200000e-06	-3.648157e-09	-1.814050e-09	-1.979040e+01	-4.607470e+02
1.210000e-06	-3.595578e-09	-1.804121e-09	-1.950518e+01	-4.582671e+02
1.220000e-06	-3.542722e-09	-1.794525e-09	-1.921844e+01	-4.557550e+02
1.230000e-06	-3.489610e-09	-1.785023e-09	-1.893032e+01	-4.532091e+02
1.240000e-06	-3.436256e-09	-1.775500e-09	-1.864089e+01	-4.506275e+02
1.250000e-06	-3.382675e-09	-1.765416e-09	-1.835023e+01	-4.480087e+02
1.260000e-06	-3.328890e-09	-1.754319e-09	-1.805846e+01	-4.453510e+02
1.270000e-06	-3.274902e-09	-1.743205e-09	-1.776558e+01	-4.426534e+02
1.280000e-06	-3.220701e-09	-1.732862e-09	-1.747156e+01	-4.399149e+02
1.290000e-06	-3.166279e-09	-1.722605e-09	-1.717633e+01	-4.371349e+02
1.300000e-06	-3.111616e-09	-1.711956e-09	-1.687980e+01	-4.343133e+02
1.310000e-06	-3.056715e-09	-1.700986e-09	-1.658197e+01	-4.314500e+02
1.320000e-06	-3.001592e-09	-1.689336e-09	-1.628294e+01	-4.285452e+02
1.330000e-06	-2.946269e-09	-1.677415e-09	-1.598283e+01	-4.255989e+02
1.340000e-06	-2.890783e-09	-1.665695e-09	-1.568183e+01	-4.226112e+02
1.350000e-06	-2.835157e-09	-1.653578e-09	-1.538007e+01	-4.195820e+02
1.360000e-06	-2.779409e-09	-1.641398e-09	-1.507765e+01	-4.165108e+02
1.370000e-06	-2.723551e-09	-1.629623e-09	-1.477463e+01	-4.133969e+02
1.380000e-06	-2.667577e-09	-1.617423e-09	-1.447098e+01	-4.102389e+02
1.390000e-06	-2.611471e-09	-1.604569e-09	-1.416662e+01	-4.070355e+02
1.400000e-06	-2.555213e-09	-1.591964e-09	-1.386143e+01	-4.037846e+02
1.410000e-06	-2.498773e-09	-1.579613e-09	-1.355526e+01	-4.004839e+02
1.420000e-06	-2.442122e-09	-1.566746e-09	-1.324794e+01	-3.971311e+02
1.430000e-06	-2.385236e-09	-1.553304e-09	-1.293935e+01	-3.937234e+02
1.440000e-06	-2.328099e-09	-1.539288e-09	-1.262940e+01	-3.902582e+02
1.450000e-06	-2.270688e-09	-1.524810e-09	-1.231796e+01	-3.867327e+02
1.460000e-06	-2.212985e-09	-1.510783e-09	-1.200494e+01	-3.831444e+02
1.470000e-06	-2.154981e-09	-1.497203e-09	-1.169028e+01	-3.794906e+02
1.480000e-06	-2.096688e-09	-1.482959e-09	-1.137406e+01	-3.757690e+02
1.490000e-06	-2.038135e-09	-1.468000e-09	-1.105642e+01	-3.719772e+02
1.500000e-06	-1.979352e-09	-1.453025e-09	-1.073754e+01	-3.681130e+02
1.510000e-06	-1.920380e-09	-1.437902e-09	-1.041763e+01	-3.641741e+02
1.520000e-06	-1.861256e-09	-1.422022e-09	-1.009690e+01	-3.601583e+02
1.530000e-06	-1.802005e-09	-1.405245e-09	-9.775474e+00	-3.560635e+02
1.540000e-06	-1.742646e-09	-1.388176e-09	-9.453462e+00	-3.518872e+02
1.550000e-06	-1.683192e-09	-1.371552e-09	-9.130937e+00	-3.476270e+02
1.560000e-06	-1.623652e-09	-1.355366e-09	-8.807949e+00	-3.432805e+02
1.570000e-06	-1.564035e-09	-1.338845e-09	-8.484535e+00	-3.388450e+02
1.580000e-06	-1.504345e-09	-1.321165e-09	-8.160733e+00	-3.343180e+02
1.590000e-06	-1.444592e-09	-1.302257e-09	-7.836582e+00	-3.296966e+02
1.600000e-06	-1.384774e-09	-1.282730e-09	-7.512082e+00	-3.249783e+02
1.610000e-06	-1.324889e-09	-1.263675e-09	-7.187219e+00	-3.201603e+02
1.620000e-06	-1.264938e-09	-1.244847e-09	-6.862000e+00	-3.152401e+02
1.630000e-06	-1.204920e-09	-1.224928e-09	-6.536417e+00	-3.102152e+02
1.640000e-06	-1.144840e-09	-1.204138e-09	-6.210491e+00	-3.050831e+02
1.650000e-06	-1.084702e-09	-1.183667e-09	-5.884255e+00	-2.998413e+02
1.660000e-06	-1.024511e-09	-1.163374e-09	-5.557734e+00	-2.944873e+02
1.670000e-06	-9.642758e-10	-1.142123e-09	-5.230973e+00	-2.890182e+02
1.680000e-06	-9.039998e-10	-1.119609e-09	-4.903989e+00	-2.834313e+02
1.690000e-06	-8.436793e-10	-1.096469e-09	-4.576765e+00	-2.777232e+02
1.700000e-06	-7.833058e-10	-1.073257e-09	-4.249252e+00	-2.718904e+02
1.710000e-06	-7.228766e-10	-1.049955e-09	-3.921438e+00	-2.659286e+02
1.720000e-06	-6.623941e-10	-1.026201e-09	-3.593335e+00	-2.598333e+02
1.730000e-06	-6.018595e-10	-1.001277e-09	-3.264949e+00	-2.535995e+02
1.740000e-06	-5.412735e-10	-9.751060e-10	-2.936284e+00	-2.472217e+02
1.750000e-06	-4.806372e-10	-9.488328e-10	-2.607346e+00	-2.406943e+02
1.760000e-06	-4.199567e-10	-9.229030e-10	-2.278169e+00	-2.340115e+02
1.770000e-06	-3.592421e-10	-8.963974e-10	-1.948807e+00	-2.271675e+02
1.780000e-06	-2.985024e-10	-8.685366e-10	-1.619308e+00	-2.201573e+02
1.790000e-06	-2.377487e-10	-8.395747e-10	-1.289733e+00	-2.129761e+02
1.800000e-06	-1.769945e-10	-8.101829e-10	-9.601562e-01	-2.056203e+02
1.810000e-06	-1.162429e-10	-7.806518e-10	-6.305931e-01	-1.980874e+02
1.820000e-06	-5.549578e-11	-7.508490e-10	-3.010546e-01	-1.903764e+02
1.830000e-06	5.246485e-12	-7.201083e-10	2.845783e-02	-1.824880e+02
1.840000e-06	6.598937e-11	-6.882675e-10	3.579737e-01	-1.744244e+02
1.850000e-06	1.267345e-10	-6.558224e-10	6.875015e-01	-1.661899e+02
1.860000e-06	1.874787e-10	-6.228523e-10	1.017025e+00	-1.577905e+02
1.870000e-06	2.482226e-10	-5.891872e-10	1.346546e+00	-1.492340e+02
1.880000e-06	3.089592e-10	-5.546720e-10	1.676028e+00	-1.405296e+02
1.890000e-06	3.696787e-10	-5.193182e-10	2.005417e+00	-1.316879e+02
1.900000e-06	4.303757e-10	-4.834281e-10	2.334684e+00	-1.227205e+02
1.910000e-06	4.910365e-10	-4.473177e-10	2.663754e+00	-1.136397e+02
1.920000e-06	5.516512e-10	-4.110630e-10	2.992575e+00	-1.044580e+02
1.930000e-06	6.122123e-10	-3.745382e-10	3.321104e+00	-9.518812e+01
1.940000e-06	6.727150e-10	-3.378977e-10	3.649318e+00	-8.584216e+01
1.950000e-06	7.331533e-10	-3.012698e-10	3.977181e+00	-7.643170e+01
1.960000e-06	7.935277e-10	-2.642213e-10	4.304698e+00	-6.696736e+01
1.970000e-06	8.538460e-10	-2.265328e-10	4.631912e+00	-5.745867e+01
1.980000e-06	9.141114e-10	-1.885910e-10	4.958838e+00	-4.791397e+01
1.990000e-06	9.743258e-10	-1.504233e-10	5.285487e+00	-3.834033e+01
2.000000e-06	1.034493e-09	-1.120893e-10	5.611881e+00	-2.874364e+01
2.010000e-06	1.094610e-09	-7.445415e-11	5.938003e+00	-1.912869e+01
2.020000e-06	1.154672e-09	-3.725730e-11	6.263825e+00	-9.499328e+00
2.030000e-06	1.214678e-09	8.125775e-13	6.589345e+00	1.412814e-01
2.040000e-06	1.274627e-09	3.960630e-11	6.914555e+00	9.790448e+00
2.050000e-06	1.334517e-09	7.809251e-11	7.239449e+00	1.944568e+01
2.060000e-06	1.394347e-09	1.160857e-10	7.564013e+00	2.910443e+01
2.070000e-06	1.454113e-09	1.538164e-10	7.888230e+00	3.876384e+01
2.080000e-06	1.513810e-09	1.915939e-10	8.212074e+00	4.842058e+01
2.090000e-06	1.573433e-09	2.298744e-10	8.535517e+00	5.807063e+01
2.100000e-06	1.632977e-09	2.683491e-10	8.858531e+00	6.770922e+01
2.110000e-06	1.692437e-09	3.062471e-10	9.181089e+00	7.733079e+01
2.120000e-06	1.751805e-09	3.440322e-10	9.503148e+00	8.692896e+01
2.130000e-06	1.811072e-09	3.823266e-10	9.824658e+00	9.649667e+01
2.140000e-06	1.870220e-09	4.203675e-10	1.014552e+01	1.060262e+02
2.150000e-06	1.929227e-09	4.576153e-10	1.046562e+01	1.155096e+02
2.160000e-06	1.988073e-09	4.944471e-10	1.078484e+01	1.249384e+02
2.170000e-06	2.046725e-09	5.310769e-10	1.110302e+01	1.343043e+02
2.180000e-06	2.105152e-09	5.674930e-10	1.141997e+01	1.435991e+02
2.190000e-06	2.163322e-09	6.038454e-10	1.173552e+01	1.528151e+02
2.200000e-06	2.221209e-09	6.399165e-10	1.204955e+01	1.619449e+02
2.210000e-06	2.278804e-09	6.752208e-10	1.236198e+01	1.709819e+02
2.220000e-06	2.336105e-09	7.100775e-10	1.267282e+01	1.799203e+02
2.230000e-06	2.393120e-09	7.451801e-10	1.298212e+01	1.887551e+02
2.240000e-06	2.449867e-09	7.800844e-10	1.328995e+01	1.974818e+02
2.250000e-06	2.506377e-09	8.139260e-10	1.359651e+01	2.060969e+02
2.260000e-06	2.562685e-09	8.469389e-10	1.390197e+01	2.145975e+02
2.270000e-06	2.618821e-09	8.795902e-10	1.420649e+01	2.229812e+02
2.280000e-06	2.674809e-09	9.118872e-10	1.451021e+01	2.312459e+02
2.290000e-06	2.730667e-09	9.437713e-10	1.481323e+01	2.393900e+02
2.300000e-06	2.786408e-09	9.752756e-10	1.511561e+01	2.474120e+02
2.310000e-06	2.842024e-09	1.006261e-09	1.541731e+01	2.553104e+02
2.320000e-06	2.897499e-09	1.036760e-09	1.571826e+01	2.630837e+02
2.330000e-06	2.952810e-09	1.067041e-09	1.601831e+01	2.707305e+02
2.340000e-06	3.007931e-09	1.096489e-09	1.631733e+01	2.782493e+02
2.350000e-06	3.062844e-09	1.124549e-09	1.661522e+01	2.856383e+02
2.360000e-06	3.117532e-09	1.151920e-09	1.691189e+01	2.928962e+02
2.370000e-06	3.171993e-09	1.179458e-09	1.720732e+01	3.000212e+02
2.380000e-06	3.226234e-09	1.207130e-09	1.750157e+01	3.070121e+02
2.390000e-06	3.280264e-09	1.234753e-09	1.779467e+01	3.138675e+02
2.400000e-06	3.334090e-09	1.262119e-09	1.808666e+01	3.205865e+02
2.410000e-06	3.387705e-09	1.288321e-09	1.837751e+01	3.271682e+02
2.420000e-06	3.441095e-09	1.313095e-09	1.866714e+01	3.336121e+02
2.430000e-06	3.494239e-09	1.337213e-09	1.895544e+01	3.399179e+02
2.440000e-06	3.547118e-09	1.360987e-09	1.924229e+01	3.460857e+02
2.450000e-06	3.599717e-09	1.384342e-09	1.952763e+01	3.521154e+02
2.460000e-06	3.652032e-09	1.407674e-09	1.981142e+01	3.580071e+02
2.470000e-06	3.704065e-09	1.430907e-09	2.009369e+01	3.637612e+02
2.480000e-06	3.755814e-09	1.453420e-09	2.037442e+01	3.693775e+02
2.490000e-06	3.807264e-09	1.475099e-09	2.065352e+01	3.748563e+02
2.500000e-06	3.858381e-09	1.496094e-09	2.093082e+01	3.801974e+02
2.510000e-06	3.909116e-09	1.516252e-09	2.120604e+01	3.854005e+02
2.520000e-06	3.959422e-09	1.535658e-09	2.147894e+01	3.904654e+02
2.530000e-06	4.009263e-09	1.554724e-09	2.174931e+01	3.953919e+02
2.540000e-06	4.058629e-09	1.573342e-09	2.201711e+01	4.001799e+02
2.550000e-06	4.107551e-09	1.591438e-09	2.228250e+01	4.048295e+02
2.560000e-06	4.156086e-09	1.609306e-09	2.254579e+01	4.093413e+02
2.570000e-06	4.204301e-09	1.626591e-09	2.280734e+01	4.137164e+02
2.580000e-06	4.252257e-09	1.642802e-09	2.306750e+01	4.179567e+02
2.590000e-06	4.299992e-09	1.658434e-09	2.332645e+01	4.220648e+02
2.600000e-06	4.347502e-09	1.673905e-09	2.358418e+01	4.260439e+02
2.610000e-06	4.394754e-09	1.689054e-09	2.384051e+01	4.298982e+02
2.620000e-06	4.441693e-09	1.703725e-09	2.409514e+01	4.336328e+02
2.630000e-06	4.488285e-09	1.717804e-09	2.434789e+01	4.372532e+02
2.640000e-06	4.534538e-09	1.731241e-09	2.459880e+01	4.407654e+02
2.650000e-06	4.580475e-09	1.744270e-09	2.484800e+01	4.441760e+02
2.660000e-06	4.626113e-09	1.757191e-09	2.509558e+01	4.474913e+02
2.670000e-06	4.671455e-09	1.769747e-09	2.534155e+01	4.507177e+02
2.680000e-06	4.716487e-09	1.781872e-09	2.558584e+01	4.538613e+02
2.690000e-06	4.761193e-09	1.794079e-09	2.582836e+01	4.569274e+02
2.700000e-06	4.805580e-09	1.806235e-09	2.606915e+01	4.599210e+02
2.710000e-06	4.849691e-09	1.817939e-09	2.630844e+01	4.628461e+02
2.720000e-06	4.893574e-09	1.829020e-09	2.654649e+01	4.657059e+02
2.730000e-06	4.937249e-09	1.839384e-09	2.678342e+01	4.685031e+02
2.740000e-06	4.980682e-09	1.849536e-09	2.701903e+01	4.712394e+02
2.750000e-06	5.023775e-09	1.860055e-09	2.725281e+01	4.739161e+02
2.760000e-06	5.066392e-09	1.870802e-09	2.748399e+01	4.765342e+02
2.770000e-06	5.108422e-09	1.881032e-09	2.771199e+01	4.790944e+02
2.780000e-06	5.149819e-09	1.890617e-09	2.793656e+01	4.815973e+02
2.790000e-06	5.190630e-09	1.900011e-09	2.815795e+01	4.840437e+02
2.800000e-06	5.230981e-09	1.909256e-09	2.837685e+01	4.864348e+02
2.810000e-06	5.271001e-09	1.918454e-09	2.859394e+01	4.887718e+02
2.820000e-06	5.310770e-09	1.927855e-09	2.880968e+01	4.910566e+02
2.830000e-06	5.350307e-09	1.937227e-09	2.902416e+01	4.932912e+02
2.840000e-06	5.389564e-09	1.945928e-09	2.923712e+01	4.954780e+02
2.850000e-06	5.428465e-09	1.953986e-09	2.944815e+01	4.976195e+02
2.860000e-06	5.466961e-09	1.962028e-09	2.965698e+01	4.997185e+02
2.870000e-06	5.505040e-09	1.969852e-09	2.986356e+01	5.017772e+02
2.880000e-06	5.542712e-09	1.977439e-09	3.006791e+01	5.037981e+02
2.890000e-06	5.579973e-09	1.985452e-09	3.027005e+01	5.057831e+02
2.900000e-06	5.616826e-09	1.993901e-09	3.046997e+01	5.077336e+02
2.910000e-06	5.653289e-09	2.002349e-09	3.066777e+01	5.096507e+02
2.920000e-06	5.689412e-09	2.010311e-09	3.086373e+01	5.115351e+02
2.930000e-06	5.725267e-09	2.017276e-09	3.105824e+01	5.133869e+02
2.940000e-06	5.760881e-09	2.023343e-09	3.125144e+01	5.152061e+02
2.950000e-06	5.796195e-09	2.029182e-09	3.144301e+01	5.169923e+02
2.960000e-06	5.831084e-09	2.035651e-09	3.163227e+01	5.187452e+02
2.970000e-06	5.865396e-09	2.042906e-09	3.181840e+01	5.204646e+02
2.980000e-06	5.899021e-09	2.050245e-09	3.200081e+01	5.221506e+02
2.990000e-06	5.931967e-09	2.057463e-09	3.217953e+01	5.238032e+02
3.000000e-06	5.964354e-09	2.064600e-09	3.235522e+01	5.254233e+02
3.010000e-06	5.996343e-09	2.071100e-09	3.252876e+01	5.270117e+02
3.020000e-06	6.028036e-09	2.076850e-09	3.270068e+01	5.285698e+02
3.030000e-06	6.059422e-09	2.082326e-09	3.287095e+01	5.300991e+02
3.040000e-06	6.090434e-09	2.087736e-09	3.303918e+01	5.316012e+02
3.050000e-06	6.121006e-09	2.093326e-09	3.320503e+01	5.330780e+02
3.060000e-06	6.151127e-09	2.099229e-09	3.336842e+01	5.345307e+02
3.070000e-06	6.180820e-09	2.105531e-09	3.352950e+01	5.359608e+02
3.080000e-06	6.210092e-09	2.111615e-09	3.368830e+01	5.373690e+02
3.090000e-06	6.238941e-09	2.116805e-09	3.384480e+01	5.387558e+02
3.100000e-06	6.267388e-09	2.121675e-09	3.399911e+01	5.401210e+02
3.110000e-06	6.295490e-09	2.126825e-09	3.415156e+01	5.414642e+02
3.120000e-06	6.323308e-09	2.132031e-09	3.430247e+01	5.427845e+02
3.130000e-06	6.350832e-09	2.137051e-09	3.445178e+01	5.440808e+02
3.140000e-06	6.377948e-09	2.142085e-09	3.459888e+01	5.453516e+02
3.150000e-06	6.404461e-09	2.147083e-09	3.474271e+01	5.465958e+02
3.160000e-06	6.430220e-09	2.151712e-09	3.488244e+01	5.478122e+02
3.170000e-06	6.455217e-09	2.156082e-09	3.501805e+01	5.489999e+02
3.180000e-06	6.479596e-09	2.160609e-09	3.515030e+01	5.501585e+02
3.190000e-06	6.503534e-09	2.165322e-09	3.528015e+01	5.512878e+02
3.200000e-06	6.527115e-09	2.169977e-09	3.540807e+01	5.523883e+02
3.210000e-06	6.550306e-09	2.174496e-09	3.553388e+01	5.534606e+02
3.220000e-06	6.573045e-09	2.179061e-09	3.565723e+01	5.545056e+02
3.230000e-06	6.595319e-09	2.183413e-09	3.577806e+01	5.555246e+02
3.240000e-06	6.617157e-09	2.186950e-09	3.589653e+01	5.565187e+02
3.250000e-06	6.638564e-09	2.190145e-09	3.601266e+01	5.574889e+02
3.260000e-06	6.659502e-09	2.194015e-09	3.612624e+01	5.584359e+02
3.270000e-06	6.679969e-09	2.198382e-09	3.623727e+01	5.593603e+02
3.280000e-06	6.700041e-09	2.202445e-09	3.634616e+01	5.602621e+02
3.290000e-06	6.719801e-09	2.205914e-09	3.645335e+01	5.611410e+02
3.300000e-06	6.739244e-09	2.208997e-09	3.655882e+01	5.619963e+02
3.310000e-06	6.758256e-09	2.211947e-09	3.666196e+01	5.628272e+02
3.320000e-06	6.776714e-09	2.214842e-09	3.676209e+01	5.636327e+02
3.330000e-06	6.794581e-09	2.217938e-09	3.685901e+01	5.644120e+02
3.340000e-06	6.811931e-09	2.221144e-09	3.695314e+01	5.651643e+02
3.350000e-06	6.828867e-09	2.224040e-09	3.704501e+01	5.658893e+02
3.360000e-06	6.845417e-09	2.226789e-09	3.713479e+01	5.665874e+02
3.370000e-06	6.861497e-09	2.229488e-09	3.722202e+01	5.672591e+02
3.380000e-06	6.876981e-09	2.231748e-09	3.730602e+01	5.679057e+02
3.390000e-06	6.891815e-09	2.233596e-09	3.738649e+01	5.685290e+02
3.400000e-06	6.906054e-09	2.235488e-09	3.746373e+01	5.691311e+02
3.410000e-06	6.919776e-09	2.237843e-09	3.753817e+01	5.697141e+02
3.420000e-06	6.932994e-09	2.240511e-09	3.760988e+01	5.702803e+02
3.430000e-06	6.945687e-09	2.243101e-09	3.767873e+01	5.708318e+02
3.440000e-06	6.957878e-09	2.245415e-09	3.774486e+01	5.713701e+02
3.450000e-06	6.969603e-09	2.247115e-09	3.780847e+01	5.718962e+02
3.460000e-06	6.980814e-09	2.248337e-09	3.786929e+01	5.724102e+02
3.470000e-06	6.991362e-09	2.249845e-09	3.792650e+01	5.729115e+02
3.480000e-06	7.001112e-09	2.251821e-09	3.797940e+01	5.733988e+02
3.490000e-06	7.010078e-09	2.253755e-09	3.802803e+01	5.738701e+02
3.500000e-06	7.018425e-09	2.255271e-09	3.807332e+01	5.743229e+02
3.510000e-06	7.026354e-09	2.256444e-09	3.811633e+01	5.747543e+02
3.520000e-06	7.033947e-09	2.257633e-09	3.815752e+01	5.751617e+02
3.530000e-06	7.041144e-09	2.258965e-09	3.819656e+01	5.755426e+02
3.540000e-06	7.047848e-09	2.260174e-09	3.823293e+01	5.758949e+02
3.550000e-06	7.054034e-09	2.261359e-09	3.826649e+01	5.762175e+02
3.560000e-06	7.059716e-09	2.262812e-09	3.829731e+01	5.765102e+02
3.570000e-06	7.064886e-09	2.264193e-09	3.832536e+01	5.767735e+02
3.580000e-06	7.069538e-09	2.265050e-09	3.835059e+01	5.770091e+02
3.590000e-06	7.073744e-09	2.265292e-09	3.837341e+01	5.772193e+02
3.600000e-06	7.077613e-09	2.265198e-09	3.839440e+01	5.774071e+02
3.610000e-06	7.081158e-09	2.265197e-09	3.841363e+01	5.775760e+02
3.620000e-06	7.084253e-09	2.265739e-09	3.843042e+01	5.777292e+02
3.630000e-06	7.086719e-09	2.266726e-09	3.844380e+01	5.778698e+02
3.640000e-06	7.088421e-09	2.267397e-09	3.845303e+01	5.780004e+02
3.650000e-06	7.089360e-09	2.267600e-09	3.845812e+01	5.781226e+02
3.660000e-06	7.089693e-09	2.267485e-09	3.845993e+01	5.782371e+02
3.670000e-06	7.089607e-09	2.267204e-09	3.845946e+01	5.783437e+02
3.680000e-06	7.089172e-09	2.267455e-09	3.845710e+01	5.784411e+02
3.690000e-06	7.088323e-09	2.267928e-09	3.845250e+01	5.785271e+02
3.700000e-06	7.086983e-09	2.267851e-09	3.844523e+01	5.785988e+02
3.710000e-06	7.085163e-09	2.267533e-09	3.843536e+01	5.786533e+02
3.720000e-06	7.082909e-09	2.267668e-09	3.842313e+01	5.786873e+02
3.730000e-06	7.080217e-09	2.269201e-09	3.840852e+01	5.786982e+02
3.740000e-06	7.077057e-09	2.274786e-09	3.839138e+01	5.786839e+02
3.750000e-06	7.073414e-09	2.276405e-09	3.837162e+01	5.786433e+02
3.760000e-06	7.069213e-09	2.251660e-09	3.834883e+01	5.785764e+02
3.770000e-06	7.064216e-09	2.232033e-09	3.832172e+01	5.784845e+02
3.780000e-06	7.058346e-09	2.280086e-09	3.828988e+01	5.783700e+02
3.790000e-06	7.052012e-09	2.316501e-09	3.825552e+01	5.782362e+02
3.800000e-06	7.045559e-09	2.257391e-09	3.822051e+01	5.780874e+02
3.810000e-06	7.038756e-09	2.211620e-09	3.818361e+01	5.779281e+02
3.820000e-06	7.031277e-09	2.271588e-09	3.814303e+01	5.777630e+02
3.830000e-06	7.023223e-09	2.323309e-09	3.809934e+01	5.775966e+02
3.840000e-06	7.014849e-09	2.260278e-09	3.805392e+01	5.774326e+02
3.850000e-06	7.006093e-09	2.206679e-09	3.800642e+01	5.772739e+02
3.860000e-06	6.996726e-09	2.271107e-09	3.795561e+01	5.771223e+02
3.870000e-06	6.986793e-09	2.321693e-09	3.790172e+01	5.769783e+02
3.880000e-06	6.976496e-09	2.253747e-09	3.784586e+01	5.768412e+02
3.890000e-06	6.965784e-09	2.210967e-09	3.778776e+01	5.767094e+02
3.900000e-06	6.954482e-09	2.280785e-09	3.772644e+01	5.765804e+02
3.910000e-06	6.942608e-09	2.304779e-09	3.766203e+01	5.764510e+02
3.920000e-06	6.930197e-09	2.228192e-09	3.759470e+01	5.763182e+02
3.930000e-06	6.917059e-09	2.221337e-09	3.752343e+01	5.761787e+02
3.940000e-06	6.903065e-09	2.297130e-09	3.744752e+01	5.760300e+02
3.950000e-06	6.888373e-09	2.279482e-09	3.736782e+01	5.758699e+02
3.960000e-06	6.873131e-09	2.208904e-09	3.728513e+01	5.756974e+02
3.970000e-06	6.857363e-09	2.249582e-09	3.719959e+01	5.755122e+02
3.980000e-06	6.841174e-09	2.301818e-09	3.711178e+01	5.753148e+02
3.990000e-06	6.824648e-09	2.241458e-09	3.702212e+01	5.751063e+02
4.000000e-06	6.807672e-09	2.217282e-09	3.693003e+01	5.748883e+02
4.010000e-06	6.790148e-09	2.287770e-09	3.683497e+01	5.746624e+02
4.020000e-06	6.772146e-09	2.279257e-09	3.673731e+01	5.744297e+02
4.030000e-06	6.753710e-09	2.209331e-09	3.663730e+01	5.741908e+02
4.040000e-06	6.734797e-09	2.246459e-09	3.653470e+01	5.739456e+02
4.050000e-06	6.715414e-09	2.299810e-09	3.642956e+01	5.736926e+02
4.060000e-06	6.695635e-09	2.240858e-09	3.632226e+01	5.734291e+02
4.070000e-06	6.675506e-09	2.216118e-09	3.621307e+01	5.731512e+02
4.080000e-06	6.655021e-09	2.280328e-09	3.610194e+01	5.728541e+02
4.090000e-06	6.634091e-09	2.263887e-09	3.598840e+01	5.725320e+02
4.100000e-06	6.612513e-09	2.207943e-09	3.587134e+01	5.721788e+02
4.110000e-06	6.590150e-09	2.254052e-09	3.575003e+01	5.717883e+02
4.120000e-06	6.567063e-09	2.277640e-09	3.562479e+01	5.713549e+02
4.130000e-06	6.543420e-09	2.216238e-09	3.549653e+01	5.708735e+02
4.140000e-06	6.519385e-09	2.228470e-09	3.536615e+01	5.703406e+02
4.150000e-06	6.495040e-09	2.277602e-09	3.523408e+01	5.697541e+02
4.160000e-06	6.470317e-09	2.236798e-09	3.509996e+01	5.691134e+02
4.170000e-06	6.445117e-09	2.216068e-09	3.496326e+01	5.684200e+02
4.180000e-06	6.419448e-09	2.257036e-09	3.482401e+01	5.676767e+02
4.190000e-06	6.393344e-09	2.242277e-09	3.468240e+01	5.668879e+02
4.200000e-06	6.366768e-09	2.215572e-09	3.453823e+01	5.660589e+02
4.210000e-06	6.339682e-09	2.238482e-09	3.439130e+01	5.651958e+02
4.220000e-06	6.312129e-09	2.230857e-09	3.424183e+01	5.643047e+02
4.230000e-06	6.284212e-09	2.205626e-09	3.409039e+01	5.633916e+02
4.240000e-06	6.256018e-09	2.220995e-09	3.393744e+01	5.624617e+02
4.250000e-06	6.227525e-09	2.223434e-09	3.378287e+01	5.615193e+02
4.260000e-06	6.198608e-09	2.205058e-09	3.362600e+01	5.605672e+02
4.270000e-06	6.169107e-09	2.209009e-09	3.346597e+01	5.596071e+02
4.280000e-06	6.138911e-09	2.204939e-09	3.330216e+01	5.586389e+02
4.290000e-06	6.108015e-09	2.190425e-09	3.313456e+01	5.576617e+02
4.300000e-06	6.076531e-09	2.197219e-09	3.296377e+01	5.566732e+02
4.310000e-06	6.044614e-09	2.195086e-09	3.279063e+01	5.556708e+02
4.320000e-06	6.012360e-09	2.178895e-09	3.261566e+01	5.546512e+02
4.330000e-06	5.979768e-09	2.182160e-09	3.243885e+01	5.536114e+02
4.340000e-06	5.946779e-09	2.183822e-09	3.225989e+01	5.525486e+02
4.350000e-06	5.913350e-09	2.171081e-09	3.207855e+01	5.514608e+02
4.360000e-06	5.879500e-09	2.168406e-09	3.189492e+01	5.503469e+02
4.370000e-06	5.845268e-09	2.164986e-09	3.170922e+01	5.492068e+02
4.380000e-06	5.810658e-09	2.153116e-09	3.152147e+01	5.480412e+02
4.390000e-06	5.775650e-09	2.152973e-09	3.133156e+01	5.468517e+02
4.400000e-06	5.740242e-09	2.155444e-09	3.113948e+01	5.456406e+02
4.410000e-06	5.704480e-09	2.146526e-09	3.094548e+01	5.444106e+02
4.420000e-06	5.668436e-09	2.139394e-09	3.074995e+01	5.431644e+02
4.430000e-06	5.632133e-09	2.136395e-09	3.055301e+01	5.419045e+02
4.440000e-06	5.595506e-09	2.130825e-09	3.035432e+01	5.406326e+02
4.450000e-06	5.558423e-09	2.125057e-09	3.015315e+01	5.393501e+02
4.460000e-06	5.520732e-09	2.118701e-09	2.994869e+01	5.380571e+02
4.470000e-06	5.482351e-09	2.111888e-09	2.974048e+01	5.367528e+02
4.480000e-06	5.443330e-09	2.108053e-09	2.952880e+01	5.354357e+02
4.490000e-06	5.403802e-09	2.104565e-09	2.931438e+01	5.341031e+02
4.500000e-06	5.363913e-09	2.100293e-09	2.909798e+01	5.327521e+02
4.510000e-06	5.323749e-09	2.095051e-09	2.888010e+01	5.313792e+02
4.520000e-06	5.283324e-09	2.086592e-09	2.866081e+01	5.299810e+02
4.530000e-06	5.242607e-09	2.079111e-09	2.843993e+01	5.285541e+02
4.540000e-06	5.201561e-09	2.075727e-09	2.821726e+01	5.270958e+02
4.550000e-06	5.160167e-09	2.070245e-09	2.799271e+01	5.256041e+02
4.560000e-06	5.118412e-09	2.061646e-09	2.776620e+01	5.240778e+02
4.570000e-06	5.076302e-09	2.055874e-09	2.753776e+01	5.225164e+02
4.580000e-06	5.033846e-09	2.052126e-09	2.730745e+01	5.209204e+02
4.590000e-06	4.991028e-09	2.046066e-09	2.707517e+01	5.192910e+02
4.600000e-06	4.947823e-09	2.038812e-09	2.684079e+01	5.176300e+02
4.610000e-06	4.904248e-09	2.031786e-09	2.660441e+01	5.159394e+02
4.620000e-06	4.860377e-09	2.023626e-09	2.636642e+01	5.142213e+02
4.630000e-06	4.816282e-09	2.015772e-09	2.612721e+01	5.124779e+02
4.640000e-06	4.771966e-09	2.010203e-09	2.588681e+01	5.107106e+02
4.650000e-06	4.727387e-09	2.004715e-09	2.564497e+01	5.089205e+02
4.660000e-06	4.682487e-09	1.997120e-09	2.540140e+01	5.071082e+02
4.670000e-06	4.637239e-09	1.989522e-09	2.515594e+01	5.052733e+02
4.680000e-06	4.591656e-09	1.983494e-09	2.490867e+01	5.034149e+02
4.690000e-06	4.545742e-09	1.976769e-09	2.465960e+01	5.015318e+02
4.700000e-06	4.499479e-09	1.967730e-09	2.440863e+01	4.996220e+02
4.710000e-06	4.452868e-09	1.958138e-09	2.415578e+01	4.976836e+02
4.720000e-06	4.405957e-09	1.949894e-09	2.390129e+01	4.957147e+02
4.730000e-06	4.358781e-09	1.943232e-09	2.364538e+01	4.937133e+02
4.740000e-06	4.311318e-09	1.936925e-09	2.338790e+01	4.916780e+02
4.750000e-06	4.263522e-09	1.929472e-09	2.312862e+01	4.896080e+02
4.760000e-06	4.215352e-09	1.920626e-09	2.286731e+01	4.875026e+02
4.770000e-06	4.166787e-09	1.911985e-09	2.260385e+01	4.853620e+02
4.780000e-06	4.117831e-09	1.904388e-09	2.233828e+01	4.831868e+02
4.790000e-06	4.068508e-09	1.896241e-09	2.207071e+01	4.809780e+02
4.800000e-06	4.018848e-09	1.886367e-09	2.180132e+01	4.787367e+02
4.810000e-06	3.968880e-09	1.876222e-09	2.153026e+01	4.764642e+02
4.820000e-06	3.918634e-09	1.867405e-09	2.125768e+01	4.741618e+02
4.830000e-06	3.868111e-09	1.859688e-09	2.098361e+01	4.718304e+02
4.840000e-06	3.817294e-09	1.851297e-09	2.070794e+01	4.694706e+02
4.850000e-06	3.766165e-09	1.841033e-09	2.043057e+01	4.670827e+02
4.860000e-06	3.714719e-09	1.830068e-09	2.015149e+01	4.646663e+02
4.870000e-06	3.662981e-09	1.819962e-09	1.987083e+01	4.622207e+02
4.880000e-06	3.610985e-09	1.810335e-09	1.958876e+01	4.597447e+02
4.890000e-06	3.558745e-09	1.800150e-09	1.930537e+01	4.572367e+02
4.900000e-06	3.506255e-09	1.789697e-09	1.902062e+01	4.546951e+02
4.910000e-06	3.453493e-09	1.779676e-09	1.873440e+01	4.521180e+02
4.920000e-06	3.400423e-09	1.770145e-09	1.844651e+01	4.495039e+02
4.930000e-06	3.347009e-09	1.760793e-09	1.815675e+01	4.468512e+02
4.940000e-06	3.293223e-09	1.750527e-09	1.786498e+01	4.441586e+02
4.950000e-06	3.239055e-09	1.738681e-09	1.757113e+01	4.414252e+02
4.960000e-06	3.184516e-09	1.726287e-09	1.727528e+01	4.386504e+02
4.970000e-06	3.129626e-09	1.714285e-09	1.697751e+01	4.358340e+02
4.980000e-06	3.074415e-09	1.703091e-09	1.667801e+01	4.329759e+02
4.990000e-06	3.018920e-09	1.692572e-09	1.637696e+01	4.300762e+02
5.000000e-06	2.963184e-09	1.681731e-09	1.607460e+01	4.271351e+02
5.010000e-06	2.907251e-09	1.669862e-09	1.577118e+01	4.241526e+02
5.020000e-06	2.851160e-09	1.657878e-09	1.546690e+01	4.211286e+02
5.030000e-06	2.794937e-09	1.646233e-09	1.516190e+01	4.180627e+02
5.040000e-06	2.738593e-09	1.633779e-09	1.485625e+01	4.149541e+02
5.050000e-06	2.682126e-09	1.620195e-09	1.454992e+01	4.118017e+02
5.060000e-06	2.625523e-09	1.606772e-09	1.424287e+01	4.086040e+02
5.070000e-06	2.568771e-09	1.594057e-09	1.393500e+01	4.053591e+02
5.080000e-06	2.511859e-09	1.581493e-09	1.362627e+01	4.020647e+02
5.090000e-06	2.454775e-09	1.568930e-09	1.331660e+01	3.987185e+02
5.100000e-06	2.397515e-09	1.555763e-09	1.300598e+01	3.953177e+02
5.110000e-06	2.340078e-09	1.541526e-09	1.269440e+01	3.918597e+02
5.120000e-06	2.282463e-09	1.526870e-09	1.238185e+01	3.883418e+02
5.130000e-06	2.224667e-09	1.512293e-09	1.206832e+01	3.847613e+02
5.140000e-06	2.166696e-09	1.497540e-09	1.175384e+01	3.811158e+02
5.150000e-06	2.108555e-09	1.482496e-09	1.143844e+01	3.774027e+02
5.160000e-06	2.050257e-09	1.467598e-09	1.112218e+01	3.736196e+02
5.170000e-06	1.991811e-09	1.453095e-09	1.080513e+01	3.697644e+02
5.180000e-06	1.933230e-09	1.438436e-09	1.048734e+01	3.658348e+02
5.190000e-06	1.874525e-09	1.422930e-09	1.016888e+01	3.618286e+02
5.200000e-06	1.815695e-09	1.406607e-09	9.849740e+00	3.577436e+02
5.210000e-06	1.756742e-09	1.389425e-09	9.529934e+00	3.535774e+02
5.220000e-06	1.697668e-09	1.371298e-09	9.209470e+00	3.493277e+02
5.230000e-06	1.638468e-09	1.353243e-09	8.888329e+00	3.449919e+02
5.240000e-06	1.579143e-09	1.335987e-09	8.566505e+00	3.405675e+02
5.250000e-06	1.519701e-09	1.318656e-09	8.244045e+00	3.360518e+02
5.260000e-06	1.460157e-09	1.300873e-09	7.921033e+00	3.314421e+02
5.270000e-06	1.400514e-09	1.283028e-09	7.597480e+00	3.267357e+02
5.280000e-06	1.340778e-09	1.264733e-09	7.273428e+00	3.219301e+02
5.290000e-06	1.280959e-09	1.245169e-09	6.948924e+00	3.170226e+02
5.300000e-06	1.221065e-09	1.224705e-09	6.624009e+00	3.120106e+02
5.310000e-06	1.161110e-09	1.204181e-09	6.298768e+00	3.068918e+02
5.320000e-06	1.101106e-09	1.183573e-09	5.973260e+00	3.016635e+02
5.330000e-06	1.041063e-09	1.163006e-09	5.647538e+00	2.963233e+02
5.340000e-06	9.809832e-10	1.142465e-09	5.321619e+00	2.908685e+02
5.350000e-06	9.208670e-10	1.121370e-09	4.995502e+00	2.852961e+02
5.360000e-06	8.607172e-10	1.099556e-09	4.669202e+00	2.796031e+02
5.370000e-06	8.005355e-10	1.077329e-09	4.342729e+00	2.737858e+02
5.380000e-06	7.403190e-10	1.054239e-09	4.016068e+00	2.678400e+02
5.390000e-06	6.800652e-10	1.029802e-09	3.689204e+00	2.617614e+02
5.400000e-06	6.197808e-10	1.004778e-09	3.362174e+00	2.555449e+02
5.410000e-06	5.594702e-10	9.798485e-10	3.035003e+00	2.491852e+02
5.420000e-06	4.991297e-10	9.547190e-10	2.707669e+00	2.426765e+02
5.430000e-06	4.387615e-10	9.290815e-10	2.380184e+00	2.360131e+02
5.440000e-06	3.783705e-10	9.028827e-10	2.052576e+00	2.291893e+02
5.450000e-06	3.179673e-10	8.759503e-10	1.724902e+00	2.221998e+02
5.460000e-06	2.575619e-10	8.482191e-10	1.397216e+00	2.150399e+02
5.470000e-06	1.971578e-10	8.195630e-10	1.069538e+00	2.077058e+02
5.480000e-06	1.367543e-10	7.899746e-10	7.418620e-01	2.001948e+02
5.490000e-06	7.635354e-11	7.595786e-10	4.142012e-01	1.925058e+02
5.500000e-06	1.595361e-11	7.283120e-10	8.654507e-02	1.846392e+02
5.510000e-06	-4.444917e-11	6.964720e-10	-2.411265e-01	1.765970e+02
5.520000e-06	-1.048532e-10	6.645302e-10	-5.688050e-01	1.683833e+02
5.530000e-06	-1.652564e-10	6.322722e-10	-8.964790e-01	1.600039e+02
5.540000e-06	-2.256557e-10	5.989850e-10	-1.224132e+00	1.514663e+02
5.550000e-06	-2.860490e-10	5.647398e-10	-1.551752e+00	1.427797e+02
5.560000e-06	-3.464325e-10	5.301758e-10	-1.879319e+00	1.339543e+02
5.570000e-06	-4.068012e-10	4.953132e-10	-2.206806e+00	1.250019e+02
5.580000e-06	-4.671504e-10	4.597078e-10	-2.534188e+00	1.159344e+02
5.590000e-06	-5.274740e-10	4.237197e-10	-2.861429e+00	1.067646e+02
5.600000e-06	-5.877650e-10	3.877778e-10	-3.188495e+00	9.750508e+01
5.610000e-06	-6.480209e-10	3.516394e-10	-3.515370e+00	8.816802e+01
5.620000e-06	-7.082412e-10	3.151486e-10	-3.842053e+00	7.876509e+01
5.630000e-06	-7.684241e-10	2.783088e-10	-4.168532e+00	6.930706e+01
5.640000e-06	-8.285717e-10	2.408923e-10	-4.494820e+00	5.980359e+01
5.650000e-06	-8.886868e-10	2.027763e-10	-4.820931e+00	5.026315e+01
5.660000e-06	-9.487689e-10	1.646249e-10	-5.146863e+00	4.069299e+01
5.670000e-06	-1.008813e-09	1.269776e-10	-5.472588e+00	3.109913e+01
5.680000e-06	-1.068814e-09	8.946452e-11	-5.798080e+00	2.148646e+01
5.690000e-06	-1.128768e-09	5.182517e-11	-6.123322e+00	1.185897e+01
5.700000e-06	-1.188666e-09	1.423868e-11	-6.448251e+00	2.219865e+00
5.710000e-06	-1.248496e-09	-2.346082e-11	-6.772816e+00	-7.428105e+00
5.720000e-06	-1.308250e-09	-6.129966e-11	-7.096968e+00	-1.708244e+01
5.730000e-06	-1.367917e-09	-9.900230e-11	-7.420651e+00	-2.674061e+01
5.740000e-06	-1.427485e-09	-1.365867e-10	-7.743794e+00	-3.639981e+01
5.750000e-06	-1.486942e-09	-1.741597e-10	-8.066333e+00	-4.605677e+01
5.760000e-06	-1.546283e-09	-2.117386e-10	-8.388242e+00	-5.570756e+01
5.770000e-06	-1.605503e-09	-2.496080e-10	-8.709497e+00	-6.534750e+01
5.780000e-06	-1.664598e-09	-2.878172e-10	-9.030073e+00	-7.497112e+01
5.790000e-06	-1.723573e-09	-3.258435e-10	-9.349998e+00	-8.457214e+01
5.800000e-06	-1.782426e-09	-3.634000e-10	-9.669261e+00	-9.414357e+01
5.810000e-06	-1.841150e-09	-4.007319e-10	-9.987828e+00	-1.036778e+02
5.820000e-06	-1.899748e-09	-4.378201e-10	-1.030571e+01	-1.131668e+02
5.830000e-06	-1.958215e-09	-4.744540e-10	-1.062288e+01	-1.226022e+02
5.840000e-06	-2.016543e-09	-5.110212e-10	-1.093929e+01	-1.319758e+02
5.850000e-06	-2.074726e-09	-5.476822e-10	-1.125492e+01	-1.412792e+02
5.860000e-06	-2.132754e-09	-5.841685e-10	-1.156971e+01	-1.505047e+02
5.870000e-06	-2.190611e-09	-6.202481e-10	-1.188357e+01	-1.596448e+02
5.880000e-06	-2.248281e-09	-6.557230e-10	-1.219642e+01	-1.686930e+02
5.890000e-06	-2.305762e-09	-6.905382e-10	-1.250824e+01	-1.776433e+02
5.900000e-06	-2.363051e-09	-7.249149e-10	-1.281902e+01	-1.864904e+02
5.910000e-06	-2.420146e-09	-7.593167e-10	-1.312874e+01	-1.952300e+02
5.920000e-06	-2.477058e-09	-7.935787e-10	-1.343748e+01	-2.038585e+02
5.930000e-06	-2.533806e-09	-8.272766e-10	-1.374532e+01	-2.123727e+02
5.940000e-06	-2.590404e-09	-8.603124e-10	-1.405235e+01	-2.207704e+02
5.950000e-06	-2.646869e-09	-8.927140e-10	-1.435866e+01	-2.290493e+02
5.960000e-06	-2.703210e-09	-9.247924e-10	-1.466430e+01	-2.372078e+02
5.970000e-06	-2.759433e-09	-9.564704e-10	-1.496930e+01	-2.452444e+02
5.980000e-06	-2.815535e-09	-9.875365e-10	-1.527364e+01	-2.531576e+02
5.990000e-06	-2.871504e-09	-1.018202e-09	-1.557726e+01	-2.609459e+02
6.000000e-06	-2.927307e-09	-1.048628e-09	-1.587998e+01	-2.686079e+02
6.010000e-06	-2.982902e-09	-1.078728e-09	-1.618157e+01	-2.761419e+02
6.020000e-06	-3.038239e-09	-1.108170e-09	-1.648176e+01	-2.835466e+02
6.030000e-06	-3.093268e-09	-1.136710e-09	-1.678028e+01	-2.908202e+02
6.040000e-06	-3.147940e-09	-1.164439e-09	-1.707686e+01	-2.979612e+02
6.050000e-06	-3.202227e-09	-1.191963e-09	-1.737135e+01	-3.049681e+02
6.060000e-06	-3.256126e-09	-1.219473e-09	-1.766374e+01	-3.118398e+02
6.070000e-06	-3.309650e-09	-1.246177e-09	-1.795409e+01	-3.185751e+02
6.080000e-06	-3.362831e-09	-1.271884e-09	-1.824258e+01	-3.251732e+02
6.090000e-06	-3.415701e-09	-1.297017e-09	-1.852939e+01	-3.316336e+02
6.100000e-06	-3.468297e-09	-1.321635e-09	-1.881471e+01	-3.379560e+02
6.110000e-06	-3.520644e-09	-1.345840e-09	-1.909868e+01	-3.441403e+02
6.120000e-06	-3.572753e-09	-1.369725e-09	-1.938136e+01	-3.501865e+02
6.130000e-06	-3.624615e-09	-1.392984e-09	-1.966270e+01	-3.560947e+02
6.140000e-06	-3.676207e-09	-1.415585e-09	-1.994257e+01	-3.618652e+02
6.150000e-06	-3.727511e-09	-1.438185e-09	-2.022088e+01	-3.674981e+02
6.160000e-06	-3.778518e-09	-1.460749e-09	-2.049758e+01	-3.729934e+02
6.170000e-06	-3.829226e-09	-1.482053e-09	-2.077267e+01	-3.783509e+02
6.180000e-06	-3.879644e-09	-1.501937e-09	-2.104617e+01	-3.835705e+02
6.190000e-06	-3.929762e-09	-1.521790e-09	-2.131805e+01	-3.886520e+02
6.200000e-06	-3.979556e-09	-1.541942e-09	-2.158817e+01	-3.935951e+02
6.210000e-06	-4.028981e-09	-1.561240e-09	-2.185629e+01	-3.983997e+02
6.220000e-06	-4.077983e-09	-1.579400e-09	-2.212211e+01	-4.030658e+02
6.230000e-06	-4.126535e-09	-1.597097e-09	-2.238549e+01	-4.075941e+02
6.240000e-06	-4.174642e-09	-1.614537e-09	-2.264646e+01	-4.119856e+02
6.250000e-06	-4.222336e-09	-1.631543e-09	-2.290519e+01	-4.162420e+02
6.260000e-06	-4.269673e-09	-1.647970e-09	-2.316198e+01	-4.203658e+02
6.270000e-06	-4.316719e-09	-1.663894e-09	-2.341719e+01	-4.243602e+02
6.280000e-06	-4.363512e-09	-1.679499e-09	-2.367103e+01	-4.282294e+02
6.290000e-06	-4.410073e-09	-1.694976e-09	-2.392362e+01	-4.319782e+02
6.300000e-06	-4.456410e-09	-1.710212e-09	-2.417499e+01	-4.356120e+02
6.310000e-06	-4.502497e-09	-1.724496e-09	-2.442500e+01	-4.391370e+02
6.320000e-06	-4.548285e-09	-1.737437e-09	-2.467339e+01	-4.425595e+02
6.330000e-06	-4.593729e-09	-1.749893e-09	-2.491991e+01	-4.458860e+02
6.340000e-06	-4.638817e-09	-1.762861e-09	-2.516451e+01	-4.491228e+02
6.350000e-06	-4.683579e-09	-1.776044e-09	-2.540732e+01	-4.522760e+02
6.360000e-06	-4.728068e-09	-1.788728e-09	-2.564867e+01	-4.553512e+02
6.370000e-06	-4.772343e-09	-1.800960e-09	-2.588885e+01	-4.583532e+02
6.380000e-06	-4.816423e-09	-1.812727e-09	-2.612798e+01	-4.612862e+02
6.390000e-06	-4.860280e-09	-1.824005e-09	-2.636589e+01	-4.641537e+02
6.400000e-06	-4.903850e-09	-1.834812e-09	-2.660225e+01	-4.669581e+02
6.410000e-06	-4.947069e-09	-1.845031e-09	-2.683670e+01	-4.697015e+02
6.420000e-06	-4.989918e-09	-1.855151e-09	-2.706914e+01	-4.723852e+02
6.430000e-06	-5.032415e-09	-1.865668e-09	-2.729968e+01	-4.750101e+02
6.440000e-06	-5.074580e-09	-1.876521e-09	-2.752842e+01	-4.775770e+02
6.450000e-06	-5.116403e-09	-1.887490e-09	-2.775530e+01	-4.800865e+02
6.460000e-06	-5.157856e-09	-1.898008e-09	-2.798017e+01	-4.825395e+02
6.470000e-06	-5.198922e-09	-1.907115e-09	-2.820294e+01	-4.849369e+02
6.480000e-06	-5.239630e-09	-1.915155e-09	-2.842377e+01	-4.872801e+02
6.490000e-06	-5.280046e-09	-1.923123e-09	-2.864302e+01	-4.895709e+02
6.500000e-06	-5.320228e-09	-1.931491e-09	-2.886100e+01	-4.918112e+02
6.510000e-06	-5.360169e-09	-1.940453e-09	-2.907767e+01	-4.940035e+02
6.520000e-06	-5.399796e-09	-1.949815e-09	-2.929264e+01	-4.961501e+02
6.530000e-06	-5.438986e-09	-1.959212e-09	-2.950523e+01	-4.982539e+02
6.540000e-06	-5.477610e-09	-1.968282e-09	-2.971476e+01	-5.003172e+02
6.550000e-06	-5.515592e-09	-1.976460e-09	-2.992080e+01	-5.023423e+02
6.560000e-06	-5.552942e-09	-1.983263e-09	-3.012341e+01	-5.043313e+02
6.570000e-06	-5.589761e-09	-1.989261e-09	-3.032315e+01	-5.062857e+02
6.580000e-06	-5.626196e-09	-1.995743e-09	-3.052080e+01	-5.082066e+02
6.590000e-06	-5.662354e-09	-2.003387e-09	-3.071695e+01	-5.100946e+02
6.600000e-06	-5.698249e-09	-2.011877e-09	-3.091167e+01	-5.119501e+02
6.610000e-06	-5.733814e-09	-2.020238e-09	-3.110460e+01	-5.137729e+02
6.620000e-06	-5.768975e-09	-2.027750e-09	-3.129534e+01	-5.155628e+02
6.630000e-06	-5.803708e-09	-2.034573e-09	-3.148377e+01	-5.173195e+02
6.640000e-06	-5.838030e-09	-2.040810e-09	-3.166995e+01	-5.190427e+02
6.650000e-06	-5.871944e-09	-2.046310e-09	-3.185393e+01	-5.207324e+02
6.660000e-06	-5.905430e-09	-2.051642e-09	-3.203558e+01	-5.223888e+02
6.670000e-06	-5.938473e-09	-2.057660e-09	-3.221483e+01	-5.240125e+02
6.680000e-06	-5.971112e-09	-2.064429e-09	-3.239189e+01	-5.256044e+02
6.690000e-06	-6.003420e-09	-2.071455e-09	-3.256715e+01	-5.271658e+02
6.700000e-06	-6.035417e-09	-2.078015e-09	-3.274073e+01	-5.286983e+02
6.710000e-06	-6.067022e-09	-2.083585e-09	-3.291218e+01	-5.302034e+02
6.720000e-06	-6.098090e-09	-2.088596e-09	-3.308072e+01	-5.316829e+02
6.730000e-06	-6.128502e-09	-2.093811e-09	-3.324569e+01	-5.331383e+02
6.740000e-06	-6.158219e-09	-2.099105e-09	-3.340690e+01	-5.345708e+02
6.750000e-06	-6.187308e-09	-2.104448e-09	-3.356470e+01	-5.359814e+02
6.760000e-06	-6.215923e-09	-2.109976e-09	-3.371993e+01	-5.373705e+02
6.770000e-06	-6.244212e-09	-2.115506e-09	-3.387339e+01	-5.387381e+02
6.780000e-06	-6.272222e-09	-2.120914e-09	-3.402534e+01	-5.400837e+02
6.790000e-06	-6.299884e-09	-2.126487e-09	-3.417540e+01	-5.414066e+02
6.800000e-06	-6.327101e-09	-2.132133e-09	-3.432305e+01	-5.427055e+02
6.810000e-06	-6.353831e-09	-2.136981e-09	-3.446805e+01	-5.439791e+02
6.820000e-06	-6.380094e-09	-2.141308e-09	-3.461052e+01	-5.452263e+02
6.830000e-06	-6.405888e-09	-2.145802e-09	-3.475045e+01	-5.464458e+02
6.840000e-06	-6.431189e-09	-2.150242e-09	-3.488770e+01	-5.476367e+02
6.850000e-06	-6.456021e-09	-2.154653e-09	-3.502241e+01	-5.487985e+02
6.860000e-06	-6.480484e-09	-2.159469e-09	-3.515512e+01	-5.499311e+02
6.870000e-06	-6.504670e-09	-2.164411e-09	-3.528632e+01	-5.510348e+02
6.880000e-06	-6.528552e-09	-2.169035e-09	-3.541587e+01	-5.521101e+02
6.890000e-06	-6.551992e-09	-2.173187e-09	-3.554303e+01	-5.531582e+02
6.900000e-06	-6.574815e-09	-2.176923e-09	-3.566684e+01	-5.541800e+02
6.910000e-06	-6.596903e-09	-2.180362e-09	-3.578666e+01	-5.551768e+02
6.920000e-06	-6.618265e-09	-2.183551e-09	-3.590254e+01	-5.561496e+02
6.930000e-06	-6.639042e-09	-2.186690e-09	-3.601525e+01	-5.570992e+02
6.940000e-06	-6.659415e-09	-2.190048e-09	-3.612577e+01	-5.580260e+02
6.950000e-06	-6.679473e-09	-2.193855e-09	-3.623458e+01	-5.589303e+02
6.960000e-06	-6.699168e-09	-2.198005e-09	-3.634142e+01	-5.598117e+02
6.970000e-06	-6.718399e-09	-2.201871e-09	-3.644575e+01	-5.606696e+02
6.980000e-06	-6.737140e-09	-2.205235e-09	-3.654741e+01	-5.615032e+02
6.990000e-06	-6.755441e-09	-2.208446e-09	-3.664669e+01	-5.623115e+02
7.000000e-06	-6.773312e-09	-2.211840e-09	-3.674364e+01	-5.630937e+02
7.010000e-06	-6.790701e-09	-2.215379e-09	-3.683797e+01	-5.638490e+02
7.020000e-06	-6.807606e-09	-2.218371e-09	-3.692967e+01	-5.645770e+02
7.030000e-06	-6.824114e-09	-2.220511e-09	-3.701923e+01	-5.652780e+02
7.040000e-06	-6.840307e-09	-2.222592e-09	-3.710707e+01	-5.659526e+02
7.050000e-06	-6.856122e-09	-2.225282e-09	-3.719286e+01	-5.666019e+02
7.060000e-06	-6.871349e-09	-2.227999e-09	-3.727546e+01	-5.672277e+02
7.070000e-06	-6.885785e-09	-2.230428e-09	-3.735377e+01	-5.678320e+02
7.080000e-06	-6.899398e-09	-2.233012e-09	-3.742762e+01	-5.684169e+02
7.090000e-06	-6.912325e-09	-2.236205e-09	-3.749775e+01	-5.689849e+02
7.100000e-06	-6.924725e-09	-2.239680e-09	-3.756502e+01	-5.695379e+02
7.110000e-06	-6.936651e-09	-2.242704e-09	-3.762971e+01	-5.700775e+02
7.120000e-06	-6.948060e-09	-2.244961e-09	-3.769160e+01	-5.706047e+02
7.130000e-06	-6.958944e-09	-2.246344e-09	-3.775064e+01	-5.711199e+02
7.140000e-06	-6.969352e-09	-2.247240e-09	-3.780711e+01	-5.716226e+02
7.150000e-06	-6.979311e-09	-2.248154e-09	-3.786113e+01	-5.721114e+02
7.160000e-06	-6.988786e-09	-2.249681e-09	-3.791253e+01	-5.725844e+02
7.170000e-06	-6.997754e-09	-2.252225e-09	-3.796118e+01	-5.730393e+02
7.180000e-06	-7.006294e-09	-2.255509e-09	-3.800751e+01	-5.734731e+02
7.190000e-06	-7.014511e-09	-2.258970e-09	-3.805208e+01	-5.738832e+02
7.200000e-06	-7.022385e-09	-2.261746e-09	-3.809480e+01	-5.742671e+02
7.210000e-06	-7.029758e-09	-2.263162e-09	-3.813479e+01	-5.746226e+02
7.220000e-06	-7.036441e-09	-2.263172e-09	-3.817105e+01	-5.749486e+02
7.230000e-06	-7.042327e-09	-2.262516e-09	-3.820298e+01	-5.752446e+02
7.240000e-06	-7.047479e-09	-2.262416e-09	-3.823093e+01	-5.755111e+02
7.250000e-06	-7.052089e-09	-2.263732e-09	-3.825594e+01	-5.757497e+02
7.260000e-06	-7.056327e-09	-2.266211e-09	-3.827893e+01	-5.759626e+02
7.270000e-06	-7.060225e-09	-2.268989e-09	-3.830007e+01	-5.761528e+02
7.280000e-06	-7.063689e-09	-2.271257e-09	-3.831886e+01	-5.763236e+02
7.290000e-06	-7.066651e-09	-2.272314e-09	-3.833493e+01	-5.764783e+02
7.300000e-06	-7.069152e-09	-2.272120e-09	-3.834850e+01	-5.766201e+02
7.310000e-06	-7.071232e-09	-2.271034e-09	-3.835978e+01	-5.767515e+02
7.320000e-06	-7.072801e-09	-2.269865e-09	-3.836829e+01	-5.768744e+02
7.330000e-06	-7.073803e-09	-2.269814e-09	-3.837373e+01	-5.769896e+02
7.340000e-06	-7.074381e-09	-2.271143e-09	-3.837686e+01	-5.770970e+02
