# Temperatura_=_-8.049999999999999
# Concentracion g/m^3_=_11700.0
# C_Vs_to_Am_M_A/Vsm_=_254322799225.57578
# pendiente_HvsI_1/m_=_3716.3
# ordenada_HvsI_A/m_=_1297.0
# frecuencia_Hz_=_136211.067254542
# Promedio de 6 ciclos

Tiempo_(s)	Campo_(V.s)	Magnetizacion_(V.s)	Campo_(kA/m)	Magnetizacion_(A/m)
0.000000e+00	-7.079491e-09	-2.023498e-09	-3.837905e+01	-5.143633e+02
1.000000e-08	-7.079711e-09	-2.024424e-09	-3.838025e+01	-5.144518e+02
2.000000e-08	-7.079579e-09	-2.025097e-09	-3.837953e+01	-5.145268e+02
3.000000e-08	-7.078907e-09	-2.025335e-09	-3.837589e+01	-5.145893e+02
4.000000e-08	-7.077539e-09	-2.025028e-09	-3.836847e+01	-5.146402e+02
5.000000e-08	-7.075436e-09	-2.024737e-09	-3.835707e+01	-5.146799e+02
6.000000e-08	-7.072622e-09	-2.024649e-09	-3.834181e+01	-5.147089e+02
7.000000e-08	-7.069230e-09	-2.024334e-09	-3.832342e+01	-5.147268e+02
8.000000e-08	-7.065428e-09	-2.025132e-09	-3.830281e+01	-5.147333e+02
9.000000e-08	-7.061165e-09	-2.028734e-09	-3.827970e+01	-5.147273e+02
1.000000e-07	-7.056235e-09	-2.027427e-09	-3.825298e+01	-5.147075e+02
1.100000e-07	-7.050600e-09	-2.015894e-09	-3.822243e+01	-5.146725e+02
1.200000e-07	-7.044542e-09	-2.011494e-09	-3.818958e+01	-5.146206e+02
1.300000e-07	-7.038276e-09	-2.030968e-09	-3.815561e+01	-5.145499e+02
1.400000e-07	-7.031684e-09	-2.040480e-09	-3.811988e+01	-5.144591e+02
1.500000e-07	-7.024549e-09	-2.015898e-09	-3.808120e+01	-5.143468e+02
1.600000e-07	-7.016902e-09	-2.004364e-09	-3.803974e+01	-5.142124e+02
1.700000e-07	-7.008897e-09	-2.030823e-09	-3.799635e+01	-5.140558e+02
1.800000e-07	-7.000411e-09	-2.042974e-09	-3.795034e+01	-5.138774e+02
1.900000e-07	-6.991166e-09	-2.012295e-09	-3.790022e+01	-5.136788e+02
2.000000e-07	-6.981224e-09	-1.998611e-09	-3.784632e+01	-5.134619e+02
2.100000e-07	-6.970833e-09	-2.028785e-09	-3.778999e+01	-5.132297e+02
2.200000e-07	-6.959946e-09	-2.038228e-09	-3.773096e+01	-5.129855e+02
2.300000e-07	-6.948388e-09	-2.007725e-09	-3.766831e+01	-5.127333e+02
2.400000e-07	-6.936206e-09	-2.003076e-09	-3.760227e+01	-5.124769e+02
2.500000e-07	-6.923502e-09	-2.030251e-09	-3.753340e+01	-5.122204e+02
2.600000e-07	-6.910278e-09	-2.025750e-09	-3.746170e+01	-5.119674e+02
2.700000e-07	-6.896433e-09	-2.000622e-09	-3.738665e+01	-5.117210e+02
2.800000e-07	-6.881915e-09	-2.010602e-09	-3.730794e+01	-5.114834e+02
2.900000e-07	-6.866685e-09	-2.025056e-09	-3.722538e+01	-5.112559e+02
3.000000e-07	-6.850654e-09	-2.004641e-09	-3.713847e+01	-5.110385e+02
3.100000e-07	-6.834013e-09	-1.997843e-09	-3.704826e+01	-5.108301e+02
3.200000e-07	-6.817020e-09	-2.017782e-09	-3.695614e+01	-5.106285e+02
3.300000e-07	-6.799669e-09	-2.009003e-09	-3.686208e+01	-5.104302e+02
3.400000e-07	-6.781908e-09	-1.988199e-09	-3.676579e+01	-5.102308e+02
3.500000e-07	-6.763756e-09	-2.005832e-09	-3.666738e+01	-5.100253e+02
3.600000e-07	-6.745134e-09	-2.019923e-09	-3.656643e+01	-5.098079e+02
3.700000e-07	-6.725974e-09	-1.994811e-09	-3.646256e+01	-5.095729e+02
3.800000e-07	-6.706353e-09	-1.987376e-09	-3.635619e+01	-5.093147e+02
3.900000e-07	-6.686370e-09	-2.009047e-09	-3.624786e+01	-5.090279e+02
4.000000e-07	-6.665984e-09	-2.002780e-09	-3.613734e+01	-5.087079e+02
4.100000e-07	-6.645166e-09	-1.983169e-09	-3.602448e+01	-5.083510e+02
4.200000e-07	-6.623870e-09	-1.992330e-09	-3.590903e+01	-5.079544e+02
4.300000e-07	-6.602115e-09	-1.997441e-09	-3.579109e+01	-5.075163e+02
4.400000e-07	-6.579905e-09	-1.982592e-09	-3.567069e+01	-5.070363e+02
4.500000e-07	-6.557219e-09	-1.983900e-09	-3.554771e+01	-5.065146e+02
4.600000e-07	-6.534102e-09	-1.990419e-09	-3.542238e+01	-5.059527e+02
4.700000e-07	-6.510599e-09	-1.977069e-09	-3.529497e+01	-5.053525e+02
4.800000e-07	-6.486755e-09	-1.971928e-09	-3.516571e+01	-5.047166e+02
4.900000e-07	-6.462545e-09	-1.980119e-09	-3.503446e+01	-5.040480e+02
5.000000e-07	-6.437797e-09	-1.972591e-09	-3.490030e+01	-5.033497e+02
5.100000e-07	-6.412384e-09	-1.963999e-09	-3.476253e+01	-5.026245e+02
5.200000e-07	-6.386264e-09	-1.968892e-09	-3.462093e+01	-5.018751e+02
5.300000e-07	-6.359428e-09	-1.964569e-09	-3.447545e+01	-5.011038e+02
5.400000e-07	-6.332065e-09	-1.955749e-09	-3.432711e+01	-5.003122e+02
5.500000e-07	-6.304341e-09	-1.958723e-09	-3.417681e+01	-4.995016e+02
5.600000e-07	-6.276294e-09	-1.955346e-09	-3.402476e+01	-4.986727e+02
5.700000e-07	-6.247920e-09	-1.945268e-09	-3.387094e+01	-4.978257e+02
5.800000e-07	-6.219134e-09	-1.946574e-09	-3.371488e+01	-4.969606e+02
5.900000e-07	-6.189876e-09	-1.945420e-09	-3.355627e+01	-4.960768e+02
6.000000e-07	-6.160208e-09	-1.935643e-09	-3.339544e+01	-4.951739e+02
6.100000e-07	-6.130166e-09	-1.935778e-09	-3.323258e+01	-4.942511e+02
6.200000e-07	-6.099713e-09	-1.936110e-09	-3.306748e+01	-4.933079e+02
6.300000e-07	-6.068821e-09	-1.925049e-09	-3.290001e+01	-4.923437e+02
6.400000e-07	-6.037518e-09	-1.921830e-09	-3.273031e+01	-4.913584e+02
6.500000e-07	-6.005883e-09	-1.924831e-09	-3.255882e+01	-4.903520e+02
6.600000e-07	-5.973963e-09	-1.916368e-09	-3.238577e+01	-4.893245e+02
6.700000e-07	-5.941641e-09	-1.908564e-09	-3.221054e+01	-4.882764e+02
6.800000e-07	-5.908751e-09	-1.908983e-09	-3.203224e+01	-4.872083e+02
6.900000e-07	-5.875178e-09	-1.903780e-09	-3.185024e+01	-4.861208e+02
7.000000e-07	-5.840933e-09	-1.897060e-09	-3.166459e+01	-4.850148e+02
7.100000e-07	-5.806144e-09	-1.896725e-09	-3.147599e+01	-4.838909e+02
7.200000e-07	-5.770887e-09	-1.892600e-09	-3.128486e+01	-4.827498e+02
7.300000e-07	-5.735279e-09	-1.884754e-09	-3.109183e+01	-4.815920e+02
7.400000e-07	-5.699428e-09	-1.882128e-09	-3.089747e+01	-4.804179e+02
7.500000e-07	-5.663330e-09	-1.878759e-09	-3.070177e+01	-4.792277e+02
7.600000e-07	-5.626888e-09	-1.870759e-09	-3.050422e+01	-4.780211e+02
7.700000e-07	-5.589989e-09	-1.865313e-09	-3.030418e+01	-4.767982e+02
7.800000e-07	-5.552641e-09	-1.862431e-09	-3.010171e+01	-4.755582e+02
7.900000e-07	-5.514898e-09	-1.857947e-09	-2.989710e+01	-4.743007e+02
8.000000e-07	-5.476755e-09	-1.853708e-09	-2.969032e+01	-4.730249e+02
8.100000e-07	-5.438200e-09	-1.849494e-09	-2.948131e+01	-4.717300e+02
8.200000e-07	-5.399241e-09	-1.843332e-09	-2.927010e+01	-4.704149e+02
8.300000e-07	-5.359914e-09	-1.837156e-09	-2.905690e+01	-4.690788e+02
8.400000e-07	-5.320315e-09	-1.832087e-09	-2.884223e+01	-4.677207e+02
8.500000e-07	-5.280492e-09	-1.826988e-09	-2.862635e+01	-4.663395e+02
8.600000e-07	-5.240375e-09	-1.821855e-09	-2.840886e+01	-4.649344e+02
8.700000e-07	-5.199856e-09	-1.816909e-09	-2.818920e+01	-4.635045e+02
8.800000e-07	-5.158863e-09	-1.812154e-09	-2.796697e+01	-4.620488e+02
8.900000e-07	-5.117333e-09	-1.807447e-09	-2.774183e+01	-4.605665e+02
9.000000e-07	-5.075261e-09	-1.801718e-09	-2.751375e+01	-4.590570e+02
9.100000e-07	-5.032703e-09	-1.794717e-09	-2.728304e+01	-4.575194e+02
9.200000e-07	-4.989667e-09	-1.788142e-09	-2.704973e+01	-4.559532e+02
9.300000e-07	-4.946189e-09	-1.782616e-09	-2.681403e+01	-4.543578e+02
9.400000e-07	-4.902415e-09	-1.776999e-09	-2.657672e+01	-4.527327e+02
9.500000e-07	-4.858428e-09	-1.770861e-09	-2.633826e+01	-4.510775e+02
9.600000e-07	-4.814187e-09	-1.764069e-09	-2.609842e+01	-4.493921e+02
9.700000e-07	-4.769605e-09	-1.756814e-09	-2.585674e+01	-4.476762e+02
9.800000e-07	-4.724648e-09	-1.750137e-09	-2.561302e+01	-4.459299e+02
9.900000e-07	-4.679328e-09	-1.744206e-09	-2.536733e+01	-4.441534e+02
1.000000e-06	-4.633726e-09	-1.737504e-09	-2.512011e+01	-4.423470e+02
1.010000e-06	-4.587855e-09	-1.729370e-09	-2.487144e+01	-4.405109e+02
1.020000e-06	-4.541644e-09	-1.721329e-09	-2.462093e+01	-4.386459e+02
1.030000e-06	-4.495093e-09	-1.714246e-09	-2.436856e+01	-4.367524e+02
1.040000e-06	-4.448214e-09	-1.707392e-09	-2.411443e+01	-4.348312e+02
1.050000e-06	-4.401059e-09	-1.700204e-09	-2.385879e+01	-4.328830e+02
1.060000e-06	-4.353618e-09	-1.692497e-09	-2.360160e+01	-4.309084e+02
1.070000e-06	-4.305879e-09	-1.684557e-09	-2.334280e+01	-4.289082e+02
1.080000e-06	-4.257910e-09	-1.677107e-09	-2.308275e+01	-4.268829e+02
1.090000e-06	-4.209673e-09	-1.669938e-09	-2.282125e+01	-4.248329e+02
1.100000e-06	-4.161068e-09	-1.661823e-09	-2.255776e+01	-4.227586e+02
1.110000e-06	-4.112056e-09	-1.652739e-09	-2.229205e+01	-4.206601e+02
1.120000e-06	-4.062624e-09	-1.643783e-09	-2.202407e+01	-4.185372e+02
1.130000e-06	-4.012696e-09	-1.635228e-09	-2.175341e+01	-4.163897e+02
1.140000e-06	-3.962262e-09	-1.626580e-09	-2.148000e+01	-4.142170e+02
1.150000e-06	-3.911437e-09	-1.617666e-09	-2.120447e+01	-4.120185e+02
1.160000e-06	-3.860273e-09	-1.608546e-09	-2.092710e+01	-4.097933e+02
1.170000e-06	-3.808793e-09	-1.600132e-09	-2.064802e+01	-4.075403e+02
1.180000e-06	-3.757071e-09	-1.592972e-09	-2.036763e+01	-4.052583e+02
1.190000e-06	-3.705092e-09	-1.585469e-09	-2.008584e+01	-4.029463e+02
1.200000e-06	-3.652807e-09	-1.575874e-09	-1.980240e+01	-4.006029e+02
1.210000e-06	-3.600225e-09	-1.565028e-09	-1.951734e+01	-3.982269e+02
1.220000e-06	-3.547316e-09	-1.554882e-09	-1.923051e+01	-3.958174e+02
1.230000e-06	-3.494152e-09	-1.545729e-09	-1.894230e+01	-3.933733e+02
1.240000e-06	-3.440772e-09	-1.536783e-09	-1.865292e+01	-3.908938e+02
1.250000e-06	-3.387159e-09	-1.527351e-09	-1.836227e+01	-3.883784e+02
1.260000e-06	-3.333336e-09	-1.517538e-09	-1.807049e+01	-3.858268e+02
1.270000e-06	-3.279330e-09	-1.507977e-09	-1.777771e+01	-3.832387e+02
1.280000e-06	-3.225134e-09	-1.498342e-09	-1.748391e+01	-3.806141e+02
1.290000e-06	-3.170687e-09	-1.487499e-09	-1.718874e+01	-3.779532e+02
1.300000e-06	-3.116011e-09	-1.475602e-09	-1.689233e+01	-3.752562e+02
1.310000e-06	-3.061125e-09	-1.463949e-09	-1.659479e+01	-3.725234e+02
1.320000e-06	-3.006021e-09	-1.452956e-09	-1.629606e+01	-3.697550e+02
1.330000e-06	-2.950705e-09	-1.442510e-09	-1.599618e+01	-3.669509e+02
1.340000e-06	-2.895202e-09	-1.432499e-09	-1.569530e+01	-3.641112e+02
1.350000e-06	-2.839561e-09	-1.422164e-09	-1.539365e+01	-3.612353e+02
1.360000e-06	-2.783787e-09	-1.410994e-09	-1.509129e+01	-3.583225e+02
1.370000e-06	-2.727909e-09	-1.399314e-09	-1.478837e+01	-3.553716e+02
1.380000e-06	-2.671910e-09	-1.387215e-09	-1.448479e+01	-3.523813e+02
1.390000e-06	-2.615758e-09	-1.374538e-09	-1.418038e+01	-3.493497e+02
1.400000e-06	-2.559448e-09	-1.361768e-09	-1.387512e+01	-3.462747e+02
1.410000e-06	-2.502974e-09	-1.349553e-09	-1.356896e+01	-3.431539e+02
1.420000e-06	-2.446321e-09	-1.337785e-09	-1.326183e+01	-3.399847e+02
1.430000e-06	-2.389431e-09	-1.325862e-09	-1.295342e+01	-3.367646e+02
1.440000e-06	-2.332233e-09	-1.313527e-09	-1.264335e+01	-3.334908e+02
1.450000e-06	-2.274776e-09	-1.300701e-09	-1.233186e+01	-3.301609e+02
1.460000e-06	-2.217045e-09	-1.287242e-09	-1.201889e+01	-3.267725e+02
1.470000e-06	-2.158989e-09	-1.273419e-09	-1.170417e+01	-3.233236e+02
1.480000e-06	-2.100635e-09	-1.259462e-09	-1.138782e+01	-3.198124e+02
1.490000e-06	-2.041996e-09	-1.245209e-09	-1.106993e+01	-3.162375e+02
1.500000e-06	-1.983143e-09	-1.230998e-09	-1.075087e+01	-3.125977e+02
1.510000e-06	-1.924127e-09	-1.217422e-09	-1.043094e+01	-3.088921e+02
1.520000e-06	-1.864961e-09	-1.203748e-09	-1.011019e+01	-3.051200e+02
1.530000e-06	-1.805671e-09	-1.188946e-09	-9.788770e+00	-3.012809e+02
1.540000e-06	-1.746284e-09	-1.173411e-09	-9.466829e+00	-2.973741e+02
1.550000e-06	-1.686796e-09	-1.157792e-09	-9.144330e+00	-2.933990e+02
1.560000e-06	-1.627221e-09	-1.142139e-09	-8.821364e+00	-2.893548e+02
1.570000e-06	-1.567587e-09	-1.126164e-09	-8.498077e+00	-2.852404e+02
1.580000e-06	-1.507881e-09	-1.109700e-09	-8.174401e+00	-2.810544e+02
1.590000e-06	-1.448091e-09	-1.093114e-09	-7.850271e+00	-2.767950e+02
1.600000e-06	-1.388262e-09	-1.076828e-09	-7.525926e+00	-2.724601e+02
1.610000e-06	-1.328397e-09	-1.060535e-09	-7.201389e+00	-2.680473e+02
1.620000e-06	-1.268463e-09	-1.043087e-09	-6.876478e+00	-2.635539e+02
1.630000e-06	-1.208457e-09	-1.024306e-09	-6.551176e+00	-2.589770e+02
1.640000e-06	-1.148376e-09	-1.005189e-09	-6.225464e+00	-2.543135e+02
1.650000e-06	-1.088213e-09	-9.864613e-10	-5.899311e+00	-2.495602e+02
1.660000e-06	-1.028007e-09	-9.678208e-10	-5.572925e+00	-2.447142e+02
1.670000e-06	-9.677727e-10	-9.485650e-10	-5.246385e+00	-2.397725e+02
1.680000e-06	-9.074917e-10	-9.287175e-10	-4.919592e+00	-2.347320e+02
1.690000e-06	-8.471322e-10	-9.088525e-10	-4.592373e+00	-2.295903e+02
1.700000e-06	-7.867030e-10	-8.887636e-10	-4.264777e+00	-2.243447e+02
1.710000e-06	-7.262674e-10	-8.677078e-10	-3.937146e+00	-2.189930e+02
1.720000e-06	-6.657952e-10	-8.454670e-10	-3.609316e+00	-2.135327e+02
1.730000e-06	-6.052643e-10	-8.223871e-10	-3.281168e+00	-2.079618e+02
1.740000e-06	-5.446763e-10	-7.993216e-10	-2.952711e+00	-2.022780e+02
1.750000e-06	-4.840301e-10	-7.768931e-10	-2.623938e+00	-1.964793e+02
1.760000e-06	-4.233318e-10	-7.547151e-10	-2.294884e+00	-1.905634e+02
1.770000e-06	-3.625842e-10	-7.315334e-10	-1.965561e+00	-1.845282e+02
1.780000e-06	-3.018476e-10	-7.068825e-10	-1.636299e+00	-1.783717e+02
1.790000e-06	-2.411161e-10	-6.813720e-10	-1.307064e+00	-1.720919e+02
1.800000e-06	-1.803116e-10	-6.558694e-10	-9.774333e-01	-1.656871e+02
1.810000e-06	-1.194794e-10	-6.306572e-10	-6.476521e-01	-1.591563e+02
1.820000e-06	-5.866858e-11	-6.047382e-10	-3.179875e-01	-1.524988e+02
1.830000e-06	2.111556e-12	-5.774196e-10	1.151071e-02	-1.457149e+02
1.840000e-06	6.288455e-11	-5.496277e-10	3.409705e-01	-1.388057e+02
1.850000e-06	1.236705e-10	-5.221334e-10	6.705004e-01	-1.317736e+02
1.860000e-06	1.844601e-10	-4.942046e-10	1.000050e+00	-1.246219e+02
1.870000e-06	2.452391e-10	-4.652260e-10	1.329542e+00	-1.173556e+02
1.880000e-06	3.060049e-10	-4.354397e-10	1.658963e+00	-1.099804e+02
1.890000e-06	3.667610e-10	-4.052516e-10	1.988330e+00	-1.025036e+02
1.900000e-06	4.275079e-10	-3.748539e-10	2.317648e+00	-9.493323e+01
1.910000e-06	4.882201e-10	-3.443139e-10	2.646778e+00	-8.727816e+01
1.920000e-06	5.488729e-10	-3.137839e-10	2.975586e+00	-7.954778e+01
1.930000e-06	6.094649e-10	-2.828501e-10	3.304065e+00	-7.175170e+01
1.940000e-06	6.699920e-10	-2.512486e-10	3.632191e+00	-6.389940e+01
1.950000e-06	7.304592e-10	-2.198371e-10	3.959994e+00	-5.599998e+01
1.960000e-06	7.908606e-10	-1.888649e-10	4.287439e+00	-4.806180e+01
1.970000e-06	8.512183e-10	-1.575197e-10	4.614647e+00	-4.009235e+01
1.980000e-06	9.115037e-10	-1.256826e-10	4.941463e+00	-3.209799e+01
1.990000e-06	9.717330e-10	-9.369065e-11	5.267976e+00	-2.408393e+01
2.000000e-06	1.031915e-09	-6.156942e-11	5.594235e+00	-1.605422e+01
2.010000e-06	1.092020e-09	-2.945315e-11	5.920070e+00	-8.011782e+00
2.020000e-06	1.152053e-09	2.508580e-12	6.245521e+00	4.137219e-02
2.030000e-06	1.212031e-09	3.475374e-11	6.570670e+00	8.103948e+00
2.040000e-06	1.271986e-09	6.719744e-11	6.895698e+00	1.617509e+01
2.050000e-06	1.331890e-09	9.914631e-11	7.220444e+00	2.425409e+01
2.060000e-06	1.391717e-09	1.308722e-10	7.544777e+00	3.234009e+01
2.070000e-06	1.451509e-09	1.630596e-10	7.868922e+00	4.043179e+01
2.080000e-06	1.511251e-09	1.953343e-10	8.192792e+00	4.852723e+01
2.090000e-06	1.570921e-09	2.268332e-10	8.516274e+00	5.662361e+01
2.100000e-06	1.630517e-09	2.579141e-10	8.839356e+00	6.471716e+01
2.110000e-06	1.690051e-09	2.899546e-10	9.162099e+00	7.280313e+01
2.120000e-06	1.749536e-09	3.227949e-10	9.484578e+00	8.087585e+01
2.130000e-06	1.808895e-09	3.550250e-10	9.806372e+00	8.892879e+01
2.140000e-06	1.868103e-09	3.863776e-10	1.012735e+01	9.695481e+01
2.150000e-06	1.927203e-09	4.174289e-10	1.044774e+01	1.049463e+02
2.160000e-06	1.986168e-09	4.486581e-10	1.076740e+01	1.128956e+02
2.170000e-06	2.044921e-09	4.801883e-10	1.108590e+01	1.207948e+02
2.180000e-06	2.103436e-09	5.113685e-10	1.140312e+01	1.286367e+02
2.190000e-06	2.161719e-09	5.414876e-10	1.171908e+01	1.364143e+02
2.200000e-06	2.219738e-09	5.712097e-10	1.203361e+01	1.441214e+02
2.210000e-06	2.277458e-09	6.013909e-10	1.234652e+01	1.517525e+02
2.220000e-06	2.334833e-09	6.315295e-10	1.265756e+01	1.593031e+02
2.230000e-06	2.391910e-09	6.607413e-10	1.296698e+01	1.667693e+02
2.240000e-06	2.448715e-09	6.891253e-10	1.327493e+01	1.741479e+02
2.250000e-06	2.505270e-09	7.173522e-10	1.358152e+01	1.814368e+02
2.260000e-06	2.561614e-09	7.458030e-10	1.388697e+01	1.886339e+02
2.270000e-06	2.617780e-09	7.742188e-10	1.419145e+01	1.957377e+02
2.280000e-06	2.673808e-09	8.019746e-10	1.449519e+01	2.027472e+02
2.290000e-06	2.729690e-09	8.288785e-10	1.479813e+01	2.096610e+02
2.300000e-06	2.785460e-09	8.553391e-10	1.510047e+01	2.164782e+02
2.310000e-06	2.841119e-09	8.816855e-10	1.540221e+01	2.231974e+02
2.320000e-06	2.896621e-09	9.077410e-10	1.570310e+01	2.298175e+02
2.330000e-06	2.951953e-09	9.331927e-10	1.600306e+01	2.363369e+02
2.340000e-06	3.007097e-09	9.578204e-10	1.630201e+01	2.427540e+02
2.350000e-06	3.062033e-09	9.819892e-10	1.659982e+01	2.490674e+02
2.360000e-06	3.116739e-09	1.006587e-09	1.689639e+01	2.552751e+02
2.370000e-06	3.171205e-09	1.031220e-09	1.719166e+01	2.613758e+02
2.380000e-06	3.225472e-09	1.054650e-09	1.748585e+01	2.673679e+02
2.390000e-06	3.279540e-09	1.077119e-09	1.777896e+01	2.732500e+02
2.400000e-06	3.333393e-09	1.099751e-09	1.807091e+01	2.790212e+02
2.410000e-06	3.387035e-09	1.122356e-09	1.836171e+01	2.846805e+02
2.420000e-06	3.440442e-09	1.144408e-09	1.865124e+01	2.902274e+02
2.430000e-06	3.493595e-09	1.166208e-09	1.893938e+01	2.956615e+02
2.440000e-06	3.546521e-09	1.187291e-09	1.922630e+01	3.009826e+02
2.450000e-06	3.599184e-09	1.207375e-09	1.951180e+01	3.061907e+02
2.460000e-06	3.651543e-09	1.227110e-09	1.979565e+01	3.112859e+02
2.470000e-06	3.703657e-09	1.246379e-09	2.007816e+01	3.162683e+02
2.480000e-06	3.755503e-09	1.264986e-09	2.035923e+01	3.211380e+02
2.490000e-06	3.807014e-09	1.283613e-09	2.063848e+01	3.258952e+02
2.500000e-06	3.858189e-09	1.302368e-09	2.091591e+01	3.305400e+02
2.510000e-06	3.909020e-09	1.320673e-09	2.119147e+01	3.350726e+02
2.520000e-06	3.959431e-09	1.338559e-09	2.146475e+01	3.394931e+02
2.530000e-06	4.009363e-09	1.355907e-09	2.173544e+01	3.438017e+02
2.540000e-06	4.058787e-09	1.372126e-09	2.200338e+01	3.479988e+02
2.550000e-06	4.107761e-09	1.387575e-09	2.226887e+01	3.520849e+02
2.560000e-06	4.156350e-09	1.402861e-09	2.253228e+01	3.560608e+02
2.570000e-06	4.204602e-09	1.417851e-09	2.279386e+01	3.599277e+02
2.580000e-06	4.252592e-09	1.432497e-09	2.305402e+01	3.636869e+02
2.590000e-06	4.300364e-09	1.447390e-09	2.331300e+01	3.673403e+02
2.600000e-06	4.347907e-09	1.462496e-09	2.357074e+01	3.708903e+02
2.610000e-06	4.395180e-09	1.476943e-09	2.382702e+01	3.743394e+02
2.620000e-06	4.442154e-09	1.489983e-09	2.408167e+01	3.776907e+02
2.630000e-06	4.488790e-09	1.501480e-09	2.433449e+01	3.809477e+02
2.640000e-06	4.535072e-09	1.512572e-09	2.458539e+01	3.841140e+02
2.650000e-06	4.581022e-09	1.524337e-09	2.483449e+01	3.871936e+02
2.660000e-06	4.626699e-09	1.536536e-09	2.508212e+01	3.901908e+02
2.670000e-06	4.672102e-09	1.548363e-09	2.532825e+01	3.931097e+02
2.680000e-06	4.717178e-09	1.559529e-09	2.557262e+01	3.959547e+02
2.690000e-06	4.761922e-09	1.570580e-09	2.581518e+01	3.987301e+02
2.700000e-06	4.806338e-09	1.581723e-09	2.605597e+01	4.014402e+02
2.710000e-06	4.850435e-09	1.592090e-09	2.629502e+01	4.040891e+02
2.720000e-06	4.894295e-09	1.601401e-09	2.653279e+01	4.066806e+02
2.730000e-06	4.937992e-09	1.610507e-09	2.676969e+01	4.092184e+02
2.740000e-06	4.981496e-09	1.620185e-09	2.700553e+01	4.117060e+02
2.750000e-06	5.024693e-09	1.630390e-09	2.723971e+01	4.141465e+02
2.760000e-06	5.067390e-09	1.640316e-09	2.747117e+01	4.165427e+02
2.770000e-06	5.109508e-09	1.649287e-09	2.769950e+01	4.188970e+02
2.780000e-06	5.151019e-09	1.657778e-09	2.792454e+01	4.212116e+02
2.790000e-06	5.191889e-09	1.666865e-09	2.814610e+01	4.234881e+02
2.800000e-06	5.232261e-09	1.676496e-09	2.836496e+01	4.257280e+02
2.810000e-06	5.272292e-09	1.685298e-09	2.858197e+01	4.279324e+02
2.820000e-06	5.312090e-09	1.692711e-09	2.879772e+01	4.301020e+02
2.830000e-06	5.351673e-09	1.700032e-09	2.901231e+01	4.322372e+02
2.840000e-06	5.390961e-09	1.708398e-09	2.922530e+01	4.343386e+02
2.850000e-06	5.429887e-09	1.717464e-09	2.943632e+01	4.364061e+02
2.860000e-06	5.468394e-09	1.726149e-09	2.964507e+01	4.384398e+02
2.870000e-06	5.506495e-09	1.733799e-09	2.985162e+01	4.404399e+02
2.880000e-06	5.544231e-09	1.741108e-09	3.005619e+01	4.424063e+02
2.890000e-06	5.581567e-09	1.748880e-09	3.025860e+01	4.443394e+02
2.900000e-06	5.618479e-09	1.756642e-09	3.045870e+01	4.462393e+02
2.910000e-06	5.654997e-09	1.763702e-09	3.065667e+01	4.481068e+02
2.920000e-06	5.691162e-09	1.769966e-09	3.085273e+01	4.499423e+02
2.930000e-06	5.727039e-09	1.776161e-09	3.104722e+01	4.517467e+02
2.940000e-06	5.762685e-09	1.783237e-09	3.124046e+01	4.535210e+02
2.950000e-06	5.798061e-09	1.790970e-09	3.143225e+01	4.552662e+02
2.960000e-06	5.833055e-09	1.797945e-09	3.162195e+01	4.569833e+02
2.970000e-06	5.867451e-09	1.803782e-09	3.180842e+01	4.586733e+02
2.980000e-06	5.901155e-09	1.810060e-09	3.199113e+01	4.603372e+02
2.990000e-06	5.934209e-09	1.817285e-09	3.217032e+01	4.619754e+02
3.000000e-06	5.966654e-09	1.824136e-09	3.234621e+01	4.635886e+02
3.010000e-06	5.998646e-09	1.830118e-09	3.251964e+01	4.651768e+02
3.020000e-06	6.030351e-09	1.835749e-09	3.269152e+01	4.667400e+02
3.030000e-06	6.061767e-09	1.841713e-09	3.286183e+01	4.682776e+02
3.040000e-06	6.092817e-09	1.848339e-09	3.303016e+01	4.697892e+02
3.050000e-06	6.123412e-09	1.854730e-09	3.319602e+01	4.712740e+02
3.060000e-06	6.153542e-09	1.859882e-09	3.335936e+01	4.727311e+02
3.070000e-06	6.183305e-09	1.864771e-09	3.352071e+01	4.741596e+02
3.080000e-06	6.212653e-09	1.870626e-09	3.367981e+01	4.755588e+02
3.090000e-06	6.241556e-09	1.876728e-09	3.383650e+01	4.769281e+02
3.100000e-06	6.270046e-09	1.882057e-09	3.399094e+01	4.782671e+02
3.110000e-06	6.298163e-09	1.886843e-09	3.414337e+01	4.795758e+02
3.120000e-06	6.325992e-09	1.891644e-09	3.429424e+01	4.808544e+02
3.130000e-06	6.353530e-09	1.896851e-09	3.444352e+01	4.821035e+02
3.140000e-06	6.380669e-09	1.902297e-09	3.459065e+01	4.833239e+02
3.150000e-06	6.407208e-09	1.907267e-09	3.473452e+01	4.845167e+02
3.160000e-06	6.433015e-09	1.911603e-09	3.487442e+01	4.856830e+02
3.170000e-06	6.458111e-09	1.916074e-09	3.501047e+01	4.868240e+02
3.180000e-06	6.482573e-09	1.921158e-09	3.514308e+01	4.879409e+02
3.190000e-06	6.506559e-09	1.926009e-09	3.527311e+01	4.890346e+02
3.200000e-06	6.530188e-09	1.929885e-09	3.540121e+01	4.901057e+02
3.210000e-06	6.553420e-09	1.933289e-09	3.552715e+01	4.911547e+02
3.220000e-06	6.576184e-09	1.937374e-09	3.565056e+01	4.921815e+02
3.230000e-06	6.598507e-09	1.942431e-09	3.577158e+01	4.931859e+02
3.240000e-06	6.620407e-09	1.947350e-09	3.589030e+01	4.941672e+02
3.250000e-06	6.641847e-09	1.951252e-09	3.600653e+01	4.951244e+02
3.260000e-06	6.662794e-09	1.954432e-09	3.612008e+01	4.960565e+02
3.270000e-06	6.683262e-09	1.957716e-09	3.623105e+01	4.969623e+02
3.280000e-06	6.703355e-09	1.961501e-09	3.633997e+01	4.978406e+02
3.290000e-06	6.723150e-09	1.964992e-09	3.644729e+01	4.986905e+02
3.300000e-06	6.742626e-09	1.967370e-09	3.655286e+01	4.995111e+02
3.310000e-06	6.761683e-09	1.969367e-09	3.665618e+01	5.003021e+02
3.320000e-06	6.780204e-09	1.972364e-09	3.675658e+01	5.010635e+02
3.330000e-06	6.798126e-09	1.976394e-09	3.685374e+01	5.017955e+02
3.340000e-06	6.815536e-09	1.979950e-09	3.694812e+01	5.024989e+02
3.350000e-06	6.832549e-09	1.982351e-09	3.704035e+01	5.031750e+02
3.360000e-06	6.849140e-09	1.984634e-09	3.713029e+01	5.038251e+02
3.370000e-06	6.865251e-09	1.987505e-09	3.721764e+01	5.044511e+02
3.380000e-06	6.880809e-09	1.990407e-09	3.730198e+01	5.050546e+02
3.390000e-06	6.895727e-09	1.992792e-09	3.738285e+01	5.056376e+02
3.400000e-06	6.910020e-09	1.994373e-09	3.746033e+01	5.062019e+02
3.410000e-06	6.923783e-09	1.995456e-09	3.753494e+01	5.067491e+02
3.420000e-06	6.937086e-09	1.997362e-09	3.760706e+01	5.072807e+02
3.430000e-06	6.949876e-09	2.000297e-09	3.767640e+01	5.077978e+02
3.440000e-06	6.962096e-09	2.002899e-09	3.774264e+01	5.083012e+02
3.450000e-06	6.973829e-09	2.004451e-09	3.780625e+01	5.087914e+02
3.460000e-06	6.985047e-09	2.005536e-09	3.786706e+01	5.092686e+02
3.470000e-06	6.995610e-09	2.006999e-09	3.792433e+01	5.097327e+02
3.480000e-06	7.005397e-09	2.008856e-09	3.797738e+01	5.101833e+02
3.490000e-06	7.014381e-09	2.010564e-09	3.802609e+01	5.106199e+02
3.500000e-06	7.022744e-09	2.011702e-09	3.807142e+01	5.110418e+02
3.510000e-06	7.030694e-09	2.012691e-09	3.811452e+01	5.114482e+02
3.520000e-06	7.038297e-09	2.014322e-09	3.815574e+01	5.118382e+02
3.530000e-06	7.045516e-09	2.016261e-09	3.819487e+01	5.122109e+02
3.540000e-06	7.052257e-09	2.017846e-09	3.823141e+01	5.125657e+02
3.550000e-06	7.058443e-09	2.018759e-09	3.826495e+01	5.129018e+02
3.560000e-06	7.064112e-09	2.019106e-09	3.829568e+01	5.132185e+02
3.570000e-06	7.069280e-09	2.019931e-09	3.832370e+01	5.135153e+02
3.580000e-06	7.073969e-09	2.021585e-09	3.834912e+01	5.137919e+02
3.590000e-06	7.078217e-09	2.022898e-09	3.837215e+01	5.140479e+02
3.600000e-06	7.082091e-09	2.023368e-09	3.839315e+01	5.142834e+02
3.610000e-06	7.085651e-09	2.023593e-09	3.841244e+01	5.144984e+02
3.620000e-06	7.088771e-09	2.024030e-09	3.842936e+01	5.146933e+02
3.630000e-06	7.091264e-09	2.024641e-09	3.844288e+01	5.148685e+02
3.640000e-06	7.093021e-09	2.024997e-09	3.845240e+01	5.150247e+02
3.650000e-06	7.094023e-09	2.024774e-09	3.845783e+01	5.151628e+02
3.660000e-06	7.094401e-09	2.024757e-09	3.845988e+01	5.152839e+02
3.670000e-06	7.094335e-09	2.025683e-09	3.845952e+01	5.153890e+02
3.680000e-06	7.093901e-09	2.026759e-09	3.845717e+01	5.154793e+02
3.690000e-06	7.093065e-09	2.027017e-09	3.845263e+01	5.155559e+02
3.700000e-06	7.091747e-09	2.026789e-09	3.844549e+01	5.156201e+02
3.710000e-06	7.089958e-09	2.026581e-09	3.843579e+01	5.156725e+02
3.720000e-06	7.087731e-09	2.026854e-09	3.842372e+01	5.157138e+02
3.730000e-06	7.085039e-09	2.027926e-09	3.840912e+01	5.157443e+02
3.740000e-06	7.081872e-09	2.027805e-09	3.839195e+01	5.157640e+02
3.750000e-06	7.078191e-09	2.023462e-09	3.837200e+01	5.157722e+02
3.760000e-06	7.073937e-09	2.020334e-09	3.834894e+01	5.157681e+02
3.770000e-06	7.068999e-09	2.030358e-09	3.832217e+01	5.157505e+02
3.780000e-06	7.063288e-09	2.044022e-09	3.829120e+01	5.157179e+02
3.790000e-06	7.057020e-09	2.029518e-09	3.825722e+01	5.156685e+02
3.800000e-06	7.050560e-09	2.005732e-09	3.822220e+01	5.156006e+02
3.810000e-06	7.043794e-09	2.019251e-09	3.818553e+01	5.155127e+02
3.820000e-06	7.036366e-09	2.045032e-09	3.814526e+01	5.154035e+02
3.830000e-06	7.028338e-09	2.030315e-09	3.810174e+01	5.152722e+02
3.840000e-06	7.019946e-09	2.001403e-09	3.805624e+01	5.151185e+02
3.850000e-06	7.011183e-09	2.016754e-09	3.800874e+01	5.149431e+02
3.860000e-06	7.001887e-09	2.045979e-09	3.795834e+01	5.147471e+02
3.870000e-06	6.992009e-09	2.029678e-09	3.790479e+01	5.145326e+02
3.880000e-06	6.981722e-09	2.002199e-09	3.784902e+01	5.143023e+02
3.890000e-06	6.971033e-09	2.019991e-09	3.779107e+01	5.140596e+02
3.900000e-06	6.959759e-09	2.042824e-09	3.772995e+01	5.138083e+02
3.910000e-06	6.947896e-09	2.019583e-09	3.766564e+01	5.135524e+02
3.920000e-06	6.935479e-09	1.998072e-09	3.759832e+01	5.132958e+02
3.930000e-06	6.922393e-09	2.022606e-09	3.752738e+01	5.130422e+02
3.940000e-06	6.908502e-09	2.035383e-09	3.745208e+01	5.127949e+02
3.950000e-06	6.893840e-09	2.005346e-09	3.737259e+01	5.125560e+02
3.960000e-06	6.878623e-09	1.997371e-09	3.729010e+01	5.123271e+02
3.970000e-06	6.862907e-09	2.022835e-09	3.720490e+01	5.121082e+02
3.980000e-06	6.846731e-09	2.017917e-09	3.711721e+01	5.118986e+02
3.990000e-06	6.830202e-09	1.997126e-09	3.702760e+01	5.116960e+02
4.000000e-06	6.813255e-09	2.015667e-09	3.693573e+01	5.114971e+02
4.010000e-06	6.795762e-09	2.032911e-09	3.684089e+01	5.112977e+02
4.020000e-06	6.777734e-09	2.007289e-09	3.674316e+01	5.110927e+02
4.030000e-06	6.759271e-09	1.995993e-09	3.664307e+01	5.108766e+02
4.040000e-06	6.740358e-09	2.018916e-09	3.654054e+01	5.106437e+02
4.050000e-06	6.720979e-09	2.014660e-09	3.643548e+01	5.103882e+02
4.060000e-06	6.701190e-09	1.993090e-09	3.632820e+01	5.101049e+02
4.070000e-06	6.681037e-09	2.008378e-09	3.621895e+01	5.097890e+02
4.080000e-06	6.660524e-09	2.024016e-09	3.610774e+01	5.094366e+02
4.090000e-06	6.639588e-09	2.002651e-09	3.599425e+01	5.090448e+02
4.100000e-06	6.618066e-09	1.996125e-09	3.587757e+01	5.086119e+02
4.110000e-06	6.595741e-09	2.012619e-09	3.575655e+01	5.081371e+02
4.120000e-06	6.572635e-09	2.001166e-09	3.563128e+01	5.076207e+02
4.130000e-06	6.548969e-09	1.986205e-09	3.550299e+01	5.070638e+02
4.140000e-06	6.524917e-09	2.000727e-09	3.537260e+01	5.064684e+02
4.150000e-06	6.500560e-09	2.001121e-09	3.524055e+01	5.058371e+02
4.160000e-06	6.475831e-09	1.982636e-09	3.510649e+01	5.051727e+02
4.170000e-06	6.450626e-09	1.986203e-09	3.496985e+01	5.044782e+02
4.180000e-06	6.424935e-09	1.990504e-09	3.483058e+01	5.037564e+02
4.190000e-06	6.398804e-09	1.977565e-09	3.468891e+01	5.030101e+02
4.200000e-06	6.372227e-09	1.976711e-09	3.454484e+01	5.022416e+02
4.210000e-06	6.345146e-09	1.978238e-09	3.439802e+01	5.014525e+02
4.220000e-06	6.317599e-09	1.967421e-09	3.424869e+01	5.006443e+02
4.230000e-06	6.289695e-09	1.967562e-09	3.409742e+01	4.998177e+02
4.240000e-06	6.261490e-09	1.969861e-09	3.394451e+01	4.989730e+02
4.250000e-06	6.232988e-09	1.957589e-09	3.379000e+01	4.981101e+02
4.260000e-06	6.204079e-09	1.954419e-09	3.363328e+01	4.972286e+02
4.270000e-06	6.174579e-09	1.957553e-09	3.347335e+01	4.963280e+02
4.280000e-06	6.144358e-09	1.946840e-09	3.330952e+01	4.954076e+02
4.290000e-06	6.113438e-09	1.943506e-09	3.314190e+01	4.944668e+02
4.300000e-06	6.081933e-09	1.948850e-09	3.297110e+01	4.935053e+02
4.310000e-06	6.049988e-09	1.937796e-09	3.279793e+01	4.925226e+02
4.320000e-06	6.017712e-09	1.928782e-09	3.262295e+01	4.915187e+02
4.330000e-06	5.985103e-09	1.934099e-09	3.244617e+01	4.904939e+02
4.340000e-06	5.952109e-09	1.927542e-09	3.226731e+01	4.894484e+02
4.350000e-06	5.918678e-09	1.916188e-09	3.208607e+01	4.883827e+02
4.360000e-06	5.884812e-09	1.918406e-09	3.190248e+01	4.872977e+02
4.370000e-06	5.850534e-09	1.915449e-09	3.171665e+01	4.861940e+02
4.380000e-06	5.815895e-09	1.905246e-09	3.152887e+01	4.850724e+02
4.390000e-06	5.780913e-09	1.904353e-09	3.133922e+01	4.839334e+02
4.400000e-06	5.745549e-09	1.901723e-09	3.114751e+01	4.827777e+02
4.410000e-06	5.709797e-09	1.891555e-09	3.095369e+01	4.816057e+02
4.420000e-06	5.673736e-09	1.887923e-09	3.075820e+01	4.804174e+02
4.430000e-06	5.637417e-09	1.886934e-09	3.056130e+01	4.792129e+02
4.440000e-06	5.600756e-09	1.880004e-09	3.036256e+01	4.779919e+02
4.450000e-06	5.563629e-09	1.873712e-09	3.016129e+01	4.767541e+02
4.460000e-06	5.525922e-09	1.869464e-09	2.995687e+01	4.754988e+02
4.470000e-06	5.487551e-09	1.863918e-09	2.974885e+01	4.742252e+02
4.480000e-06	5.448548e-09	1.859204e-09	2.953742e+01	4.729326e+02
4.490000e-06	5.409031e-09	1.854716e-09	2.932319e+01	4.716200e+02
4.500000e-06	5.369147e-09	1.848935e-09	2.910697e+01	4.702865e+02
4.510000e-06	5.329003e-09	1.843257e-09	2.888934e+01	4.689311e+02
4.520000e-06	5.288602e-09	1.837686e-09	2.867032e+01	4.675528e+02
4.530000e-06	5.247883e-09	1.832265e-09	2.844958e+01	4.661507e+02
4.540000e-06	5.206797e-09	1.827012e-09	2.822684e+01	4.647239e+02
4.550000e-06	5.165373e-09	1.820240e-09	2.800228e+01	4.632714e+02
4.560000e-06	5.123574e-09	1.813459e-09	2.777568e+01	4.617924e+02
4.570000e-06	5.081415e-09	1.808706e-09	2.754713e+01	4.602863e+02
4.580000e-06	5.038937e-09	1.803513e-09	2.731685e+01	4.587521e+02
4.590000e-06	4.996104e-09	1.796519e-09	2.708464e+01	4.571894e+02
4.600000e-06	4.952878e-09	1.789654e-09	2.685031e+01	4.555975e+02
4.610000e-06	4.909294e-09	1.783095e-09	2.661403e+01	4.539760e+02
4.620000e-06	4.865416e-09	1.776128e-09	2.637616e+01	4.523244e+02
4.630000e-06	4.821292e-09	1.769480e-09	2.613696e+01	4.506426e+02
4.640000e-06	4.776978e-09	1.763033e-09	2.589672e+01	4.489303e+02
4.650000e-06	4.732438e-09	1.755907e-09	2.565527e+01	4.471876e+02
4.660000e-06	4.687570e-09	1.748703e-09	2.541203e+01	4.454147e+02
4.670000e-06	4.642328e-09	1.742311e-09	2.516676e+01	4.436117e+02
4.680000e-06	4.596740e-09	1.735923e-09	2.491962e+01	4.417792e+02
4.690000e-06	4.550802e-09	1.728216e-09	2.467059e+01	4.399175e+02
4.700000e-06	4.504520e-09	1.719893e-09	2.441968e+01	4.380274e+02
4.710000e-06	4.457925e-09	1.712527e-09	2.416708e+01	4.361094e+02
4.720000e-06	4.410988e-09	1.705828e-09	2.391263e+01	4.341644e+02
4.730000e-06	4.363754e-09	1.698419e-09	2.365657e+01	4.321930e+02
4.740000e-06	4.316250e-09	1.689892e-09	2.339904e+01	4.301959e+02
4.750000e-06	4.268446e-09	1.680801e-09	2.313989e+01	4.281736e+02
4.760000e-06	4.220288e-09	1.671964e-09	2.287881e+01	4.261266e+02
4.770000e-06	4.171696e-09	1.664275e-09	2.261539e+01	4.240553e+02
4.780000e-06	4.122700e-09	1.657032e-09	2.234978e+01	4.219597e+02
4.790000e-06	4.073383e-09	1.648927e-09	2.208242e+01	4.198398e+02
4.800000e-06	4.023739e-09	1.639963e-09	2.181329e+01	4.176953e+02
4.810000e-06	3.973753e-09	1.630851e-09	2.154231e+01	4.155258e+02
4.820000e-06	3.923497e-09	1.621915e-09	2.126986e+01	4.133305e+02
4.830000e-06	3.872942e-09	1.613186e-09	2.099580e+01	4.111085e+02
4.840000e-06	3.822059e-09	1.604128e-09	2.071995e+01	4.088589e+02
4.850000e-06	3.770907e-09	1.594343e-09	2.044265e+01	4.065806e+02
4.860000e-06	3.719468e-09	1.584827e-09	2.016379e+01	4.042722e+02
4.870000e-06	3.667708e-09	1.575759e-09	1.988319e+01	4.019327e+02
4.880000e-06	3.615675e-09	1.566117e-09	1.960111e+01	3.995607e+02
4.890000e-06	3.563409e-09	1.556031e-09	1.931777e+01	3.971552e+02
4.900000e-06	3.510889e-09	1.546221e-09	1.903305e+01	3.947153e+02
4.910000e-06	3.458117e-09	1.536495e-09	1.874696e+01	3.922402e+02
4.920000e-06	3.405024e-09	1.526698e-09	1.845914e+01	3.897291e+02
4.930000e-06	3.351576e-09	1.516978e-09	1.816939e+01	3.871819e+02
4.940000e-06	3.297784e-09	1.506744e-09	1.787777e+01	3.845981e+02
4.950000e-06	3.243620e-09	1.495713e-09	1.758414e+01	3.819780e+02
4.960000e-06	3.189098e-09	1.484703e-09	1.728857e+01	3.793215e+02
4.970000e-06	3.134171e-09	1.474252e-09	1.699080e+01	3.766289e+02
4.980000e-06	3.078897e-09	1.463696e-09	1.669115e+01	3.739005e+02
4.990000e-06	3.023375e-09	1.452608e-09	1.639016e+01	3.711364e+02
5.000000e-06	2.967644e-09	1.441517e-09	1.608804e+01	3.683368e+02
5.010000e-06	2.911728e-09	1.430534e-09	1.578491e+01	3.655014e+02
5.020000e-06	2.855626e-09	1.419365e-09	1.548077e+01	3.626300e+02
5.030000e-06	2.799387e-09	1.407897e-09	1.517588e+01	3.597218e+02
5.040000e-06	2.743029e-09	1.395740e-09	1.487036e+01	3.567757e+02
5.050000e-06	2.686530e-09	1.383030e-09	1.456407e+01	3.537903e+02
5.060000e-06	2.629896e-09	1.370661e-09	1.425704e+01	3.507639e+02
5.070000e-06	2.573103e-09	1.358917e-09	1.394916e+01	3.476943e+02
5.080000e-06	2.516132e-09	1.347202e-09	1.364031e+01	3.445791e+02
5.090000e-06	2.459009e-09	1.334785e-09	1.333064e+01	3.414160e+02
5.100000e-06	2.401721e-09	1.321923e-09	1.302007e+01	3.382021e+02
5.110000e-06	2.344238e-09	1.309012e-09	1.270845e+01	3.349349e+02
5.120000e-06	2.286605e-09	1.295775e-09	1.239601e+01	3.316119e+02
5.130000e-06	2.228803e-09	1.282193e-09	1.208266e+01	3.282308e+02
5.140000e-06	2.170805e-09	1.268734e-09	1.176824e+01	3.247893e+02
5.150000e-06	2.112652e-09	1.255496e-09	1.145299e+01	3.212858e+02
5.160000e-06	2.054348e-09	1.241750e-09	1.113691e+01	3.177188e+02
5.170000e-06	1.995882e-09	1.227327e-09	1.081995e+01	3.140870e+02
5.180000e-06	1.937255e-09	1.212312e-09	1.050213e+01	3.103895e+02
5.190000e-06	1.878492e-09	1.196570e-09	1.018356e+01	3.066256e+02
5.200000e-06	1.819605e-09	1.180648e-09	9.864328e+00	3.027948e+02
5.210000e-06	1.760591e-09	1.165150e-09	9.544403e+00	2.988964e+02
5.220000e-06	1.701469e-09	1.150283e-09	9.223892e+00	2.949298e+02
5.230000e-06	1.642211e-09	1.135761e-09	8.902646e+00	2.908942e+02
5.240000e-06	1.582814e-09	1.120107e-09	8.580649e+00	2.867884e+02
5.250000e-06	1.523312e-09	1.102807e-09	8.258077e+00	2.826112e+02
5.260000e-06	1.463744e-09	1.085169e-09	7.935154e+00	2.783609e+02
5.270000e-06	1.404098e-09	1.067550e-09	7.611799e+00	2.740353e+02
5.280000e-06	1.344332e-09	1.049553e-09	7.287802e+00	2.696320e+02
5.290000e-06	1.284495e-09	1.031505e-09	6.963413e+00	2.651484e+02
5.300000e-06	1.224593e-09	1.014017e-09	6.638677e+00	2.605817e+02
5.310000e-06	1.164624e-09	9.967103e-10	6.313576e+00	2.559287e+02
5.320000e-06	1.104599e-09	9.788532e-10	5.988170e+00	2.511864e+02
5.330000e-06	1.044523e-09	9.601895e-10	5.662487e+00	2.463517e+02
5.340000e-06	9.844067e-10	9.405535e-10	5.336585e+00	2.414217e+02
5.350000e-06	9.242592e-10	9.201738e-10	5.010515e+00	2.363934e+02
5.360000e-06	8.640751e-10	8.999318e-10	4.684246e+00	2.312643e+02
5.370000e-06	8.038703e-10	8.795897e-10	4.357865e+00	2.260317e+02
5.380000e-06	7.436400e-10	8.583884e-10	4.031347e+00	2.206934e+02
5.390000e-06	6.833715e-10	8.370299e-10	3.704620e+00	2.152470e+02
5.400000e-06	6.230649e-10	8.157653e-10	3.377687e+00	2.096904e+02
5.410000e-06	5.627308e-10	7.938423e-10	3.050606e+00	2.040213e+02
5.420000e-06	5.023652e-10	7.713553e-10	2.723353e+00	1.982377e+02
5.430000e-06	4.419649e-10	7.483116e-10	2.395912e+00	1.923373e+02
5.440000e-06	3.815411e-10	7.242384e-10	2.068344e+00	1.863179e+02
5.450000e-06	3.211081e-10	6.996818e-10	1.740727e+00	1.801775e+02
5.460000e-06	2.606520e-10	6.753442e-10	1.412984e+00	1.739140e+02
5.470000e-06	2.001954e-10	6.506429e-10	1.085238e+00	1.675258e+02
5.480000e-06	1.397691e-10	6.248963e-10	7.576564e-01	1.610115e+02
5.490000e-06	7.933592e-11	5.984942e-10	4.300375e-01	1.543705e+02
5.500000e-06	1.890677e-11	5.715709e-10	1.024404e-01	1.476029e+02
5.510000e-06	-4.149387e-11	5.444131e-10	-2.250022e-01	1.407098e+02
5.520000e-06	-1.019043e-10	5.173345e-10	-5.524978e-01	1.336931e+02
5.530000e-06	-1.623623e-10	4.897530e-10	-8.802514e-01	1.265564e+02
5.540000e-06	-2.228370e-10	4.613796e-10	-1.208095e+00	1.193041e+02
5.550000e-06	-2.832854e-10	4.327211e-10	-1.535797e+00	1.119421e+02
5.560000e-06	-3.437171e-10	4.038098e-10	-1.863408e+00	1.044774e+02
5.570000e-06	-4.041061e-10	3.740108e-10	-2.190787e+00	9.691806e+01
5.580000e-06	-4.644367e-10	3.434366e-10	-2.517850e+00	8.927279e+01
5.590000e-06	-5.247534e-10	3.128588e-10	-2.844838e+00	8.155099e+01
5.600000e-06	-5.850709e-10	2.826332e-10	-3.171830e+00	7.376227e+01
5.610000e-06	-6.453722e-10	2.527528e-10	-3.498734e+00	6.591616e+01
5.620000e-06	-7.056209e-10	2.227483e-10	-3.825353e+00	5.802183e+01
5.630000e-06	-7.658156e-10	1.920572e-10	-4.151679e+00	5.008775e+01
5.640000e-06	-8.259639e-10	1.610106e-10	-4.477754e+00	4.212153e+01
5.650000e-06	-8.860948e-10	1.298765e-10	-4.803734e+00	3.412968e+01
5.660000e-06	-9.462155e-10	9.840348e-11	-5.129659e+00	2.611755e+01
5.670000e-06	-1.006314e-09	6.685676e-11	-5.455461e+00	1.808930e+01
5.680000e-06	-1.066377e-09	3.549872e-11	-5.781076e+00	1.004800e+01
5.690000e-06	-1.126364e-09	4.142148e-12	-6.106277e+00	1.995753e+00
5.700000e-06	-1.186296e-09	-2.714309e-11	-6.431174e+00	-6.066081e+00
5.710000e-06	-1.246152e-09	-5.844821e-11	-6.755663e+00	-1.413661e+01
5.720000e-06	-1.305916e-09	-9.015206e-11	-7.079657e+00	-2.221511e+01
5.730000e-06	-1.365627e-09	-1.217990e-10	-7.403359e+00	-3.030077e+01
5.740000e-06	-1.425240e-09	-1.530572e-10	-7.726532e+00	-3.839233e+01
5.750000e-06	-1.484727e-09	-1.844144e-10	-8.049019e+00	-4.648793e+01
5.760000e-06	-1.544129e-09	-2.159632e-10	-8.371043e+00	-5.458484e+01
5.770000e-06	-1.603392e-09	-2.475690e-10	-8.692320e+00	-6.267943e+01
5.780000e-06	-1.662524e-09	-2.792488e-10	-9.012885e+00	-7.076703e+01
5.790000e-06	-1.721573e-09	-3.106217e-10	-9.332995e+00	-7.884207e+01
5.800000e-06	-1.780486e-09	-3.416339e-10	-9.652372e+00	-8.689812e+01
5.810000e-06	-1.839267e-09	-3.727196e-10	-9.971036e+00	-9.492808e+01
5.820000e-06	-1.897923e-09	-4.038148e-10	-1.028902e+01	-1.029244e+02
5.830000e-06	-1.956453e-09	-4.349056e-10	-1.060632e+01	-1.108793e+02
5.840000e-06	-2.014831e-09	-4.658555e-10	-1.092279e+01	-1.187851e+02
5.850000e-06	-2.073060e-09	-4.962630e-10	-1.123846e+01	-1.266344e+02
5.860000e-06	-2.131155e-09	-5.263882e-10	-1.155341e+01	-1.344201e+02
5.870000e-06	-2.189071e-09	-5.567401e-10	-1.186738e+01	-1.421360e+02
5.880000e-06	-2.246803e-09	-5.869159e-10	-1.218036e+01	-1.497765e+02
5.890000e-06	-2.304355e-09	-6.162396e-10	-1.249235e+01	-1.573369e+02
5.900000e-06	-2.361702e-09	-6.450620e-10	-1.280324e+01	-1.648133e+02
5.910000e-06	-2.418840e-09	-6.740069e-10	-1.311299e+01	-1.722026e+02
5.920000e-06	-2.475794e-09	-7.030447e-10	-1.342175e+01	-1.795022e+02
5.930000e-06	-2.532578e-09	-7.319870e-10	-1.372958e+01	-1.867103e+02
5.940000e-06	-2.589206e-09	-7.605247e-10	-1.403657e+01	-1.938253e+02
5.950000e-06	-2.645718e-09	-7.882091e-10	-1.434294e+01	-2.008460e+02
5.960000e-06	-2.702089e-09	-8.151058e-10	-1.464853e+01	-2.077712e+02
5.970000e-06	-2.758319e-09	-8.417914e-10	-1.495336e+01	-2.145998e+02
5.980000e-06	-2.814458e-09	-8.683324e-10	-1.525770e+01	-2.213306e+02
5.990000e-06	-2.870486e-09	-8.940820e-10	-1.556144e+01	-2.279623e+02
6.000000e-06	-2.926339e-09	-9.193194e-10	-1.586423e+01	-2.344935e+02
6.010000e-06	-2.981965e-09	-9.448222e-10	-1.616578e+01	-2.409226e+02
6.020000e-06	-3.037376e-09	-9.704631e-10	-1.646618e+01	-2.472479e+02
6.030000e-06	-3.092491e-09	-9.955561e-10	-1.676496e+01	-2.534679e+02
6.040000e-06	-3.147236e-09	-1.019624e-09	-1.706174e+01	-2.595809e+02
6.050000e-06	-3.201611e-09	-1.042820e-09	-1.735652e+01	-2.655854e+02
6.060000e-06	-3.255557e-09	-1.065713e-09	-1.764896e+01	-2.714801e+02
6.070000e-06	-3.309117e-09	-1.088832e-09	-1.793932e+01	-2.772639e+02
6.080000e-06	-3.362358e-09	-1.111766e-09	-1.822795e+01	-2.829360e+02
6.090000e-06	-3.415285e-09	-1.133717e-09	-1.851487e+01	-2.884957e+02
6.100000e-06	-3.467949e-09	-1.154737e-09	-1.880037e+01	-2.939426e+02
6.110000e-06	-3.520372e-09	-1.175656e-09	-1.908457e+01	-2.992766e+02
6.120000e-06	-3.572531e-09	-1.196386e-09	-1.936733e+01	-3.044976e+02
6.130000e-06	-3.624412e-09	-1.216164e-09	-1.964858e+01	-3.096058e+02
6.140000e-06	-3.676030e-09	-1.235325e-09	-1.992841e+01	-3.146012e+02
6.150000e-06	-3.727388e-09	-1.254477e-09	-2.020683e+01	-3.194839e+02
6.160000e-06	-3.778441e-09	-1.273590e-09	-2.048360e+01	-3.242543e+02
6.170000e-06	-3.829193e-09	-1.292582e-09	-2.075873e+01	-3.289123e+02
6.180000e-06	-3.879659e-09	-1.311113e-09	-2.103231e+01	-3.334580e+02
6.190000e-06	-3.929783e-09	-1.328510e-09	-2.130404e+01	-3.378918e+02
6.200000e-06	-3.979564e-09	-1.345137e-09	-2.157391e+01	-3.422137e+02
6.210000e-06	-4.029013e-09	-1.361857e-09	-2.184198e+01	-3.464240e+02
6.220000e-06	-4.078048e-09	-1.378400e-09	-2.210780e+01	-3.505234e+02
6.230000e-06	-4.126644e-09	-1.394138e-09	-2.237125e+01	-3.545125e+02
6.240000e-06	-4.174793e-09	-1.409070e-09	-2.263227e+01	-3.583924e+02
6.250000e-06	-4.222510e-09	-1.423522e-09	-2.289095e+01	-3.621645e+02
6.260000e-06	-4.269874e-09	-1.438052e-09	-2.314772e+01	-3.658306e+02
6.270000e-06	-4.316907e-09	-1.452835e-09	-2.340270e+01	-3.693929e+02
6.280000e-06	-4.363692e-09	-1.466946e-09	-2.365632e+01	-3.728540e+02
6.290000e-06	-4.410286e-09	-1.479976e-09	-2.390892e+01	-3.762169e+02
6.300000e-06	-4.456678e-09	-1.492632e-09	-2.416042e+01	-3.794851e+02
6.310000e-06	-4.502842e-09	-1.505391e-09	-2.441068e+01	-3.826621e+02
6.320000e-06	-4.548686e-09	-1.518028e-09	-2.465920e+01	-3.857519e+02
6.330000e-06	-4.594179e-09	-1.529728e-09	-2.490583e+01	-3.887588e+02
6.340000e-06	-4.639323e-09	-1.540361e-09	-2.515056e+01	-3.916868e+02
6.350000e-06	-4.684137e-09	-1.551183e-09	-2.539351e+01	-3.945404e+02
6.360000e-06	-4.728673e-09	-1.562839e-09	-2.563494e+01	-3.973239e+02
6.370000e-06	-4.772995e-09	-1.574252e-09	-2.587522e+01	-4.000416e+02
6.380000e-06	-4.817121e-09	-1.584883e-09	-2.611443e+01	-4.026974e+02
6.390000e-06	-4.860990e-09	-1.595200e-09	-2.635225e+01	-4.052955e+02
6.400000e-06	-4.904600e-09	-1.605222e-09	-2.658867e+01	-4.078395e+02
6.410000e-06	-4.947896e-09	-1.614763e-09	-2.682338e+01	-4.103328e+02
6.420000e-06	-4.990798e-09	-1.623905e-09	-2.705596e+01	-4.127786e+02
6.430000e-06	-5.033338e-09	-1.632873e-09	-2.728658e+01	-4.151798e+02
6.440000e-06	-5.075528e-09	-1.642034e-09	-2.751530e+01	-4.175388e+02
6.450000e-06	-5.117353e-09	-1.651544e-09	-2.774204e+01	-4.198578e+02
6.460000e-06	-5.158829e-09	-1.661094e-09	-2.796688e+01	-4.221385e+02
6.470000e-06	-5.199961e-09	-1.670446e-09	-2.818987e+01	-4.243825e+02
6.480000e-06	-5.240746e-09	-1.679412e-09	-2.841097e+01	-4.265908e+02
6.490000e-06	-5.281219e-09	-1.687501e-09	-2.863038e+01	-4.287641e+02
6.500000e-06	-5.321457e-09	-1.694915e-09	-2.884851e+01	-4.309032e+02
6.510000e-06	-5.361453e-09	-1.702395e-09	-2.906534e+01	-4.330082e+02
6.520000e-06	-5.401139e-09	-1.710218e-09	-2.928049e+01	-4.350793e+02
6.530000e-06	-5.440388e-09	-1.718327e-09	-2.949326e+01	-4.371167e+02
6.540000e-06	-5.479045e-09	-1.726729e-09	-2.970283e+01	-4.391204e+02
6.550000e-06	-5.517084e-09	-1.735264e-09	-2.990904e+01	-4.410904e+02
6.560000e-06	-5.554520e-09	-1.743244e-09	-3.011198e+01	-4.430271e+02
6.570000e-06	-5.591426e-09	-1.750333e-09	-3.031205e+01	-4.449305e+02
6.580000e-06	-5.627940e-09	-1.756878e-09	-3.051000e+01	-4.468014e+02
6.590000e-06	-5.664155e-09	-1.763517e-09	-3.070633e+01	-4.486403e+02
6.600000e-06	-5.700080e-09	-1.770712e-09	-3.090108e+01	-4.504480e+02
6.610000e-06	-5.735658e-09	-1.778387e-09	-3.109396e+01	-4.522254e+02
6.620000e-06	-5.770844e-09	-1.785647e-09	-3.128471e+01	-4.539737e+02
6.630000e-06	-5.805633e-09	-1.792088e-09	-3.147330e+01	-4.556938e+02
6.640000e-06	-5.840000e-09	-1.798421e-09	-3.165961e+01	-4.573866e+02
6.650000e-06	-5.873956e-09	-1.805056e-09	-3.184369e+01	-4.590532e+02
6.660000e-06	-5.907504e-09	-1.811894e-09	-3.202556e+01	-4.606942e+02
6.670000e-06	-5.940593e-09	-1.818436e-09	-3.220494e+01	-4.623100e+02
6.680000e-06	-5.973288e-09	-1.824306e-09	-3.238218e+01	-4.639008e+02
6.690000e-06	-6.005652e-09	-1.830090e-09	-3.255764e+01	-4.654666e+02
6.700000e-06	-6.037680e-09	-1.836278e-09	-3.273126e+01	-4.670069e+02
6.710000e-06	-6.069353e-09	-1.842275e-09	-3.290297e+01	-4.685213e+02
6.720000e-06	-6.100497e-09	-1.847696e-09	-3.307180e+01	-4.700089e+02
6.730000e-06	-6.130979e-09	-1.852984e-09	-3.323705e+01	-4.714689e+02
6.740000e-06	-6.160765e-09	-1.858629e-09	-3.339852e+01	-4.729004e+02
6.750000e-06	-6.189896e-09	-1.864717e-09	-3.355644e+01	-4.743027e+02
6.760000e-06	-6.218535e-09	-1.871048e-09	-3.371170e+01	-4.756751e+02
6.770000e-06	-6.246846e-09	-1.877082e-09	-3.386518e+01	-4.770173e+02
6.780000e-06	-6.274905e-09	-1.882369e-09	-3.401729e+01	-4.783292e+02
6.790000e-06	-6.302617e-09	-1.887251e-09	-3.416752e+01	-4.796109e+02
6.800000e-06	-6.329884e-09	-1.891967e-09	-3.431534e+01	-4.808631e+02
6.810000e-06	-6.356676e-09	-1.896080e-09	-3.446058e+01	-4.820865e+02
6.820000e-06	-6.383001e-09	-1.899865e-09	-3.460330e+01	-4.832821e+02
6.830000e-06	-6.408850e-09	-1.903898e-09	-3.474343e+01	-4.844512e+02
6.840000e-06	-6.434186e-09	-1.908533e-09	-3.488078e+01	-4.855948e+02
6.850000e-06	-6.459047e-09	-1.914043e-09	-3.501555e+01	-4.867142e+02
6.860000e-06	-6.483540e-09	-1.919549e-09	-3.514833e+01	-4.878102e+02
6.870000e-06	-6.507753e-09	-1.923932e-09	-3.527960e+01	-4.888836e+02
6.880000e-06	-6.531674e-09	-1.927345e-09	-3.540928e+01	-4.899349e+02
6.890000e-06	-6.555147e-09	-1.930689e-09	-3.553653e+01	-4.909640e+02
6.900000e-06	-6.578028e-09	-1.934324e-09	-3.566057e+01	-4.919707e+02
6.910000e-06	-6.600219e-09	-1.938036e-09	-3.578086e+01	-4.929544e+02
6.920000e-06	-6.621633e-09	-1.941879e-09	-3.589695e+01	-4.939141e+02
6.930000e-06	-6.642404e-09	-1.945974e-09	-3.600956e+01	-4.948488e+02
6.940000e-06	-6.662785e-09	-1.950355e-09	-3.612005e+01	-4.957573e+02
6.950000e-06	-6.682881e-09	-1.954607e-09	-3.622899e+01	-4.966385e+02
6.960000e-06	-6.702626e-09	-1.957939e-09	-3.633603e+01	-4.974914e+02
6.970000e-06	-6.721906e-09	-1.960300e-09	-3.644055e+01	-4.983151e+02
6.980000e-06	-6.740701e-09	-1.962549e-09	-3.654244e+01	-4.991092e+02
6.990000e-06	-6.759032e-09	-1.965315e-09	-3.664181e+01	-4.998736e+02
7.000000e-06	-6.776901e-09	-1.968160e-09	-3.673869e+01	-5.006087e+02
7.010000e-06	-6.794331e-09	-1.971000e-09	-3.683317e+01	-5.013151e+02
7.020000e-06	-6.811314e-09	-1.974051e-09	-3.692524e+01	-5.019941e+02
7.030000e-06	-6.827878e-09	-1.976659e-09	-3.701504e+01	-5.026469e+02
7.040000e-06	-6.844079e-09	-1.978861e-09	-3.710287e+01	-5.032753e+02
7.050000e-06	-6.859892e-09	-1.981369e-09	-3.718859e+01	-5.038811e+02
7.060000e-06	-6.875144e-09	-1.983874e-09	-3.727127e+01	-5.044662e+02
7.070000e-06	-6.889608e-09	-1.985931e-09	-3.734968e+01	-5.050324e+02
7.080000e-06	-6.903241e-09	-1.987773e-09	-3.742359e+01	-5.055813e+02
7.090000e-06	-6.916209e-09	-1.989661e-09	-3.749389e+01	-5.061144e+02
7.100000e-06	-6.928649e-09	-1.991400e-09	-3.756133e+01	-5.066329e+02
7.110000e-06	-6.940608e-09	-1.993192e-09	-3.762616e+01	-5.071377e+02
7.120000e-06	-6.952078e-09	-1.995527e-09	-3.768834e+01	-5.076292e+02
7.130000e-06	-6.963007e-09	-1.998027e-09	-3.774758e+01	-5.081077e+02
7.140000e-06	-6.973434e-09	-2.000165e-09	-3.780411e+01	-5.085731e+02
7.150000e-06	-6.983424e-09	-2.002148e-09	-3.785827e+01	-5.090252e+02
7.160000e-06	-6.992946e-09	-2.003848e-09	-3.790989e+01	-5.094632e+02
7.170000e-06	-7.001974e-09	-2.005032e-09	-3.795883e+01	-5.098866e+02
7.180000e-06	-7.010567e-09	-2.006180e-09	-3.800541e+01	-5.102946e+02
7.190000e-06	-7.018797e-09	-2.007615e-09	-3.805003e+01	-5.106863e+02
7.200000e-06	-7.026676e-09	-2.009337e-09	-3.809274e+01	-5.110610e+02
7.210000e-06	-7.034081e-09	-2.011172e-09	-3.813288e+01	-5.114177e+02
7.220000e-06	-7.040835e-09	-2.013021e-09	-3.816950e+01	-5.117557e+02
7.230000e-06	-7.046800e-09	-2.014874e-09	-3.820184e+01	-5.120745e+02
7.240000e-06	-7.051988e-09	-2.016351e-09	-3.822996e+01	-5.123734e+02
7.250000e-06	-7.056627e-09	-2.016876e-09	-3.825511e+01	-5.126521e+02
7.260000e-06	-7.060905e-09	-2.016743e-09	-3.827830e+01	-5.129103e+02
7.270000e-06	-7.064833e-09	-2.017097e-09	-3.829959e+01	-5.131478e+02
7.280000e-06	-7.068296e-09	-2.018448e-09	-3.831836e+01	-5.133649e+02
7.290000e-06	-7.071266e-09	-2.020210e-09	-3.833447e+01	-5.135618e+02
7.300000e-06	-7.073796e-09	-2.021705e-09	-3.834818e+01	-5.137389e+02
7.310000e-06	-7.075894e-09	-2.022800e-09	-3.835955e+01	-5.138970e+02
7.320000e-06	-7.077493e-09	-2.023214e-09	-3.836822e+01	-5.140368e+02
7.330000e-06	-7.078522e-09	-2.023102e-09	-3.837380e+01	-5.141595e+02
7.340000e-06	-7.079099e-09	-2.023003e-09	-3.837693e+01	-5.142661e+02
